0.5 -1.28809e+09 0.928759 1.39275 -1.40425e+09 525378
0.51 -1.27053e+09 0.928759 1.39275 0.0 0.0
0.52 -1.25298e+09 0.928759 1.39275 0.0 0.0
0.53 -1.23542e+09 0.928759 1.39275 0.0 0.0
0.54 -1.21786e+09 0.928759 1.39275 0.0 0.0
0.55 -1.20031e+09 0.928759 1.39275 0.0 0.0
0.56 -1.18275e+09 0.928759 1.39275 0.0 0.0
0.57 -1.16519e+09 0.928759 1.39275 0.0 0.0
0.58 -1.14764e+09 0.928759 1.39275 0.0 0.0
0.59 -1.13008e+09 0.928759 1.39275 0.0 0.0
0.6 -1.11252e+09 0.928759 1.39275 -1.20514e+09 630453
0.61 -1.09496e+09 0.928759 1.39275 0.0 0.0
0.62 -1.07741e+09 0.928759 1.39275 0.0 0.0
0.63 -1.05985e+09 0.928759 1.39275 0.0 0.0
0.64 -1.04229e+09 0.928759 1.39275 0.0 0.0
0.65 -1.02474e+09 0.928759 1.39275 0.0 0.0
0.66 -1.00718e+09 0.928759 1.39275 0.0 0.0
0.67 -9.89623e+08 0.928759 1.39275 0.0 0.0
0.68 -9.72066e+08 0.928759 1.39275 0.0 0.0
0.69 -9.54509e+08 0.928759 1.39275 0.0 0.0
0.7 -9.36952e+08 0.928759 1.39275 -1.00605e+09 735361
0.71 -9.19395e+08 0.928759 1.39275 0.0 0.0
0.72 -9.01838e+08 0.928759 1.39275 0.0 0.0
0.73 -8.84281e+08 0.928759 1.39275 0.0 0.0
0.74 -8.66724e+08 0.928759 1.39275 0.0 0.0
0.75 -8.49167e+08 0.928759 1.39275 0.0 0.0
0.76 -8.3161e+08 0.928759 1.39275 0.0 0.0
0.77 -8.14053e+08 0.928759 1.39275 0.0 0.0
0.78 -7.96496e+08 0.928759 1.39275 0.0 0.0
0.79 -7.78939e+08 0.928759 1.39275 0.0 0.0
0.8 -7.61382e+08 0.928759 1.39275 -8.0712e+08 837638
0.81 -7.43826e+08 0.928759 1.39275 0.0 0.0
0.82 -7.26269e+08 0.928759 1.39275 0.0 0.0
0.83 -7.08712e+08 0.928759 1.39275 0.0 0.0
0.84 -6.91155e+08 0.928759 1.39275 0.0 0.0
0.85 -6.73598e+08 0.928759 1.39275 0.0 0.0
0.86 -6.56041e+08 0.928759 1.39275 0.0 0.0
0.87 -6.38484e+08 0.928759 1.39275 0.0 0.0
0.88 -6.20927e+08 0.928759 1.39275 0.0 0.0
0.89 -6.0337e+08 0.928759 1.39275 0.0 0.0
0.9 -5.85813e+08 0.928759 1.39275 -6.09491e+08 924135
0.91 -5.68256e+08 0.928759 1.39275 0.0 0.0
0.92 -5.50699e+08 0.928759 1.39275 0.0 0.0
0.93 -5.33142e+08 0.928759 1.39275 0.0 0.0
0.94 -5.15585e+08 0.928759 1.39275 0.0 0.0
0.95 -4.98028e+08 0.928759 1.39275 0.0 0.0
0.96 -4.80472e+08 0.928759 1.39275 0.0 0.0
0.97 -4.62915e+08 0.928759 1.39275 0.0 0.0
0.98 -4.45358e+08 0.928759 1.39275 0.0 0.0
0.99 -4.27801e+08 0.928759 1.39275 0.0 0.0
1 -4.10244e+08 0.928759 1.39275 -4.17594e+08 961089
1.01 -3.92687e+08 0.928759 1.39275 0.0 0.0
1.02 -3.7513e+08 0.928759 1.39275 0.0 0.0
1.03 -3.57573e+08 0.928759 1.39275 0.0 0.0
1.04 -3.40016e+08 0.928759 1.39275 0.0 0.0
1.05 -3.22557e+08 0.928759 1.39275 0.0 0.0
1.06 -3.05458e+08 0.928759 1.39275 0.0 0.0
1.07 -2.88733e+08 0.928759 1.39275 0.0 0.0
1.08 -2.72383e+08 0.928759 1.39275 0.0 0.0
1.09 -2.56407e+08 0.928759 1.39275 0.0 0.0
1.1 -2.40804e+08 0.928759 1.39275 -2.42191e+08 903319
1.11 -2.25576e+08 0.928759 1.39275 0.0 0.0
1.12 -2.10722e+08 0.928759 1.39275 0.0 0.0
1.13 -1.96243e+08 0.928759 1.39275 0.0 0.0
1.14 -1.82137e+08 0.928759 1.39275 0.0 0.0
1.15 -1.68406e+08 0.928759 1.39275 0.0 0.0
1.16 -1.55049e+08 0.928759 1.39275 0.0 0.0
1.17 -1.42066e+08 0.928759 1.39275 0.0 0.0
1.18 -1.29457e+08 0.928759 1.39275 0.0 0.0
1.19 -1.17222e+08 0.928759 1.39275 0.0 0.0
1.2 -1.05362e+08 0.928759 1.39275 -1.02656e+08 721968
1.21 -9.38754e+07 0.928759 1.39275 0.0 0.0
1.22 -8.27633e+07 0.928759 1.39275 0.0 0.0
1.23 -7.20253e+07 0.928759 1.39275 0.0 0.0
1.24 -6.16616e+07 0.928759 1.39275 0.0 0.0
1.25 -5.1672e+07 0.928759 1.39275 0.0 0.0
1.26 -4.20565e+07 0.928759 1.39275 0.0 0.0
1.27 -3.28153e+07 0.928759 1.39275 0.0 0.0
1.28 -3.08259e+07 0.928759 1.39275 0.0 0.0
1.29 -2.35243e+07 0.928759 1.39275 0.0 0.0
1.3 -1.67688e+07 0.928759 1.39275 -1.73725e+07 447536
1.31 -1.05595e+07 0.928759 1.39275 0.0 0.0
1.32 -4.89631e+06 0.928759 1.39275 0.0 0.0
1.33 220747 0.928759 1.39275 0.0 0.0
1.34 4.79167e+06 0.928759 1.39275 0.0 0.0
1.35 8.81646e+06 0.928759 1.39275 0.0 0.0
1.36 1.22951e+07 0.928759 1.39275 0.0 0.0
1.37 1.52276e+07 0.928759 1.39275 0.0 0.0
1.38 1.7614e+07 0.928759 1.39275 0.0 0.0
1.39 1.94543e+07 0.928759 1.39275 0.0 0.0
1.4 2.07484e+07 0.928759 1.39275 1.68071e+07 176792
1.41 2.14964e+07 0.928759 1.39275 0.0 0.0
1.42 2.17029e+07 0.928759 1.39275 0.0 0.0
1.43 2.17029e+07 0.928759 1.39275 0.0 0.0
1.44 2.17029e+07 0.928759 1.39275 0.0 0.0
1.45 2.17029e+07 0.928759 1.39275 0.0 0.0
1.46 2.17029e+07 0.928759 1.39275 0.0 0.0
1.47 2.17029e+07 0.928759 1.39275 0.0 0.0
1.48 2.17029e+07 0.928759 1.39275 0.0 0.0
1.49 2.17029e+07 0.928759 1.39275 0.0 0.0
1.5 2.17029e+07 0.928759 1.39275 2.22464e+07 36185.2
1.51 2.17029e+07 0.928759 1.39275 0.0 0.0
1.52 2.17029e+07 0.928759 1.39275 0.0 0.0
1.53 2.17029e+07 0.928759 1.39275 0.0 0.0
1.54 2.17029e+07 0.928759 1.39275 0.0 0.0
1.55 2.17029e+07 0.928759 1.39275 0.0 0.0
1.56 2.17029e+07 0.928759 1.39275 0.0 0.0
1.57 2.17029e+07 0.928759 1.39275 0.0 0.0
1.58 2.17029e+07 0.928759 1.39275 0.0 0.0
1.59 2.17029e+07 0.928759 1.39275 0.0 0.0
1.6 2.17029e+07 0.928759 1.39275 2.24691e+07 9923.3
1.61 2.17029e+07 0.928759 1.39275 0.0 0.0
1.62 2.17029e+07 0.928759 1.39275 0.0 0.0
1.63 2.17029e+07 0.928759 1.39275 0.0 0.0
1.64 2.17029e+07 0.928759 1.39275 0.0 0.0
1.65 2.17029e+07 0.928759 1.39275 0.0 0.0
1.66 2.17029e+07 0.928759 1.39275 0.0 0.0
1.67 2.17029e+07 0.928759 1.39275 0.0 0.0
1.68 2.17029e+07 0.928759 1.39275 0.0 0.0
1.69 2.17029e+07 0.928759 1.39275 0.0 0.0
1.7 2.17029e+07 0.928759 1.39275 2.24791e+07 0.0502696
1.71 2.17029e+07 0.928759 1.39275 0.0 0.0
1.72 2.17029e+07 0.928759 1.39275 0.0 0.0
1.73 2.17029e+07 0.928759 1.39275 0.0 0.0
1.74 2.17029e+07 0.928759 1.39275 0.0 0.0
1.75 2.17029e+07 0.928759 1.39275 0.0 0.0
1.76 2.17029e+07 0.928759 1.39275 0.0 0.0
1.77 2.17029e+07 0.928759 1.39275 0.0 0.0
1.78 2.17029e+07 0.928759 1.39275 0.0 0.0
1.79 2.17029e+07 0.928759 1.39275 0.0 0.0
1.8 2.17029e+07 0.928759 1.39275 2.24791e+07 7.07069e-08
1.81 2.17029e+07 0.928759 1.39275 0.0 0.0
1.82 2.17029e+07 0.928759 1.39275 0.0 0.0
1.83 2.17029e+07 0.928759 1.39275 0.0 0.0
1.84 2.17029e+07 0.928759 1.39275 0.0 0.0
1.85 2.17029e+07 0.928759 1.39275 0.0 0.0
1.86 2.17029e+07 0.928759 1.39275 0.0 0.0
1.87 2.17029e+07 0.928759 1.39275 0.0 0.0
1.88 2.17029e+07 0.928759 1.39275 0.0 0.0
1.89 2.17029e+07 0.928759 1.39275 0.0 0.0
1.9 2.17029e+07 0.928759 1.39275 2.24791e+07 7.07069e-08
1.91 2.17029e+07 0.928759 1.39275 0.0 0.0
1.92 2.17029e+07 0.928759 1.39275 0.0 0.0
1.93 2.17029e+07 0.928759 1.39275 0.0 0.0
1.94 2.17029e+07 0.928759 1.39275 0.0 0.0
1.95 2.17029e+07 0.928759 1.39275 0.0 0.0
1.96 2.17029e+07 0.928759 1.39275 0.0 0.0
1.97 2.17029e+07 0.928759 1.39275 0.0 0.0
1.98 2.17029e+07 0.928759 1.39275 0.0 0.0
1.99 2.17029e+07 0.928759 1.39275 0.0 0.0
