0.5 -1.56423e+08 0.711874 1.52237 -1.41849e+08 20381
0.51 -1.54052e+08 0.711874 1.52237 0.0 0.0
0.52 -1.51681e+08 0.711874 1.52237 0.0 0.0
0.53 -1.49309e+08 0.711874 1.52237 0.0 0.0
0.54 -1.46938e+08 0.711874 1.52237 0.0 0.0
0.55 -1.44567e+08 0.711874 1.52237 0.0 0.0
0.56 -1.42196e+08 0.711874 1.52237 0.0 0.0
0.57 -1.39824e+08 0.711874 1.52237 0.0 0.0
0.58 -1.37453e+08 0.711874 1.52237 0.0 0.0
0.59 -1.35082e+08 0.711874 1.52237 0.0 0.0
0.6 -1.32711e+08 0.711874 1.52237 -1.21864e+08 24457.2
0.61 -1.30339e+08 0.711874 1.52237 0.0 0.0
0.62 -1.27968e+08 0.711874 1.52237 0.0 0.0
0.63 -1.25597e+08 0.711874 1.52237 0.0 0.0
0.64 -1.23226e+08 0.711874 1.52237 0.0 0.0
0.65 -1.20854e+08 0.711874 1.52237 0.0 0.0
0.66 -1.18483e+08 0.711874 1.52237 0.0 0.0
0.67 -1.16112e+08 0.711874 1.52237 0.0 0.0
0.68 -1.13741e+08 0.711874 1.52237 0.0 0.0
0.69 -1.11369e+08 0.711874 1.52237 0.0 0.0
0.7 -1.08998e+08 0.711874 1.52237 -1.01879e+08 28533.4
0.71 -1.06627e+08 0.711874 1.52237 0.0 0.0
0.72 -1.04256e+08 0.711874 1.52237 0.0 0.0
0.73 -1.01884e+08 0.711874 1.52237 0.0 0.0
0.74 -9.95132e+07 0.711874 1.52237 0.0 0.0
0.75 -9.7142e+07 0.711874 1.52237 0.0 0.0
0.76 -9.47707e+07 0.711874 1.52237 0.0 0.0
0.77 -9.23995e+07 0.711874 1.52237 0.0 0.0
0.78 -9.00282e+07 0.711874 1.52237 0.0 0.0
0.79 -8.7657e+07 0.711874 1.52237 0.0 0.0
0.8 -8.52857e+07 0.711874 1.52237 -8.18941e+07 32609.6
0.81 -8.29145e+07 0.711874 1.52237 0.0 0.0
0.82 -8.05432e+07 0.711874 1.52237 0.0 0.0
0.83 -7.8172e+07 0.711874 1.52237 0.0 0.0
0.84 -7.58007e+07 0.711874 1.52237 0.0 0.0
0.85 -7.34295e+07 0.711874 1.52237 0.0 0.0
0.86 -7.10582e+07 0.711874 1.52237 0.0 0.0
0.87 -6.8687e+07 0.711874 1.52237 0.0 0.0
0.88 -6.63157e+07 0.711874 1.52237 0.0 0.0
0.89 -6.39422e+07 0.711874 1.52237 0.0 0.0
0.9 -6.15639e+07 0.711874 1.52237 -6.1909e+07 36685.8
0.91 -5.92119e+07 0.711874 1.52237 0.0 0.0
0.92 -5.68976e+07 0.711874 1.52237 0.0 0.0
0.93 -5.4621e+07 0.711874 1.52237 0.0 0.0
0.94 -5.23821e+07 0.711874 1.52237 0.0 0.0
0.95 -5.01809e+07 0.711874 1.52237 0.0 0.0
0.96 -4.80174e+07 0.711874 1.52237 0.0 0.0
0.97 -4.58916e+07 0.711874 1.52237 0.0 0.0
0.98 -4.38035e+07 0.711874 1.52237 0.0 0.0
0.99 -4.17531e+07 0.711874 1.52237 0.0 0.0
1 -3.97404e+07 0.711874 1.52237 -4.19239e+07 40762
1.01 -3.77655e+07 0.711874 1.52237 0.0 0.0
1.02 -3.58282e+07 0.711874 1.52237 0.0 0.0
1.03 -3.39287e+07 0.711874 1.52237 0.0 0.0
1.04 -3.20668e+07 0.711874 1.52237 0.0 0.0
1.05 -3.02427e+07 0.711874 1.52237 0.0 0.0
1.06 -2.84562e+07 0.711874 1.52237 0.0 0.0
1.07 -2.67075e+07 0.711874 1.52237 0.0 0.0
1.08 -2.49965e+07 0.711874 1.52237 0.0 0.0
1.09 -2.33231e+07 0.711874 1.52237 0.0 0.0
1.1 -2.16875e+07 0.711874 1.52237 -2.19607e+07 44523.5
1.11 -2.00896e+07 0.711874 1.52237 0.0 0.0
1.12 -1.85294e+07 0.711874 1.52237 0.0 0.0
1.13 -1.70069e+07 0.711874 1.52237 0.0 0.0
1.14 -1.55221e+07 0.711874 1.52237 0.0 0.0
1.15 -1.4075e+07 0.711874 1.52237 0.0 0.0
1.16 -1.26656e+07 0.711874 1.52237 0.0 0.0
1.17 -1.12939e+07 0.711874 1.52237 0.0 0.0
1.18 -9.95996e+06 0.711874 1.52237 0.0 0.0
1.19 -8.6637e+06 0.711874 1.52237 0.0 0.0
1.2 -7.40513e+06 0.711874 1.52237 -4.60624e+06 32688.2
1.21 -6.18428e+06 0.711874 1.52237 0.0 0.0
1.22 -5.00112e+06 0.711874 1.52237 0.0 0.0
1.23 -3.85568e+06 0.711874 1.52237 0.0 0.0
1.24 -2.74794e+06 0.711874 1.52237 0.0 0.0
1.25 -1.6779e+06 0.711874 1.52237 0.0 0.0
1.26 -456748 0.711874 1.52237 0.0 0.0
1.27 821718 0.711874 1.52237 0.0 0.0
1.28 1.03112e+06 0.711874 1.52237 0.0 0.0
1.29 988517 0.711874 1.52237 0.0 0.0
1.3 947950 0.711874 1.52237 791274 5895.3
1.31 909421 0.711874 1.52237 0.0 0.0
1.32 872930 0.711874 1.52237 0.0 0.0
1.33 838477 0.711874 1.52237 0.0 0.0
1.34 806063 0.711874 1.52237 0.0 0.0
1.35 775686 0.711874 1.52237 0.0 0.0
1.36 747348 0.711874 1.52237 0.0 0.0
1.37 721048 0.711874 1.52237 0.0 0.0
1.38 696787 0.711874 1.52237 0.0 0.0
1.39 674563 0.711874 1.52237 0.0 0.0
1.4 654377 0.711874 1.52237 998373 334.769
1.41 636243 0.711874 1.52237 0.0 0.0
1.42 623998 0.711874 1.52237 0.0 0.0
1.43 620599 0.711874 1.52237 0.0 0.0
1.44 620599 0.711874 1.52237 0.0 0.0
1.45 620599 0.711874 1.52237 0.0 0.0
1.46 620599 0.711874 1.52237 0.0 0.0
1.47 620599 0.711874 1.52237 0.0 0.0
1.48 620599 0.711874 1.52237 0.0 0.0
1.49 620599 0.711874 1.52237 0.0 0.0
1.5 620599 0.711874 1.52237 999069 2.3295e-09
1.51 620599 0.711874 1.52237 0.0 0.0
1.52 620599 0.711874 1.52237 0.0 0.0
1.53 620599 0.711874 1.52237 0.0 0.0
1.54 620599 0.711874 1.52237 0.0 0.0
1.55 620599 0.711874 1.52237 0.0 0.0
1.56 620599 0.711874 1.52237 0.0 0.0
1.57 620599 0.711874 1.52237 0.0 0.0
1.58 620599 0.711874 1.52237 0.0 0.0
1.59 620599 0.711874 1.52237 0.0 0.0
1.6 620599 0.711874 1.52237 999069 2.3295e-09
1.61 620599 0.711874 1.52237 0.0 0.0
1.62 620599 0.711874 1.52237 0.0 0.0
1.63 620599 0.711874 1.52237 0.0 0.0
1.64 620599 0.711874 1.52237 0.0 0.0
1.65 620599 0.711874 1.52237 0.0 0.0
1.66 620599 0.711874 1.52237 0.0 0.0
1.67 620599 0.711874 1.52237 0.0 0.0
1.68 620599 0.711874 1.52237 0.0 0.0
1.69 620599 0.711874 1.52237 0.0 0.0
1.7 620599 0.711874 1.52237 999069 2.3295e-09
1.71 620599 0.711874 1.52237 0.0 0.0
1.72 620599 0.711874 1.52237 0.0 0.0
1.73 620599 0.711874 1.52237 0.0 0.0
1.74 620599 0.711874 1.52237 0.0 0.0
1.75 620599 0.711874 1.52237 0.0 0.0
1.76 620599 0.711874 1.52237 0.0 0.0
1.77 620599 0.711874 1.52237 0.0 0.0
1.78 620599 0.711874 1.52237 0.0 0.0
1.79 620599 0.711874 1.52237 0.0 0.0
1.8 620599 0.711874 1.52237 999069 2.3295e-09
1.81 620599 0.711874 1.52237 0.0 0.0
1.82 620599 0.711874 1.52237 0.0 0.0
1.83 620599 0.711874 1.52237 0.0 0.0
1.84 620599 0.711874 1.52237 0.0 0.0
1.85 620599 0.711874 1.52237 0.0 0.0
1.86 620599 0.711874 1.52237 0.0 0.0
1.87 620599 0.711874 1.52237 0.0 0.0
1.88 620599 0.711874 1.52237 0.0 0.0
1.89 620599 0.711874 1.52237 0.0 0.0
1.9 620599 0.711874 1.52237 999069 2.3295e-09
1.91 620599 0.711874 1.52237 0.0 0.0
1.92 620599 0.711874 1.52237 0.0 0.0
1.93 620599 0.711874 1.52237 0.0 0.0
1.94 620599 0.711874 1.52237 0.0 0.0
1.95 620599 0.711874 1.52237 0.0 0.0
1.96 620599 0.711874 1.52237 0.0 0.0
1.97 620599 0.711874 1.52237 0.0 0.0
1.98 620599 0.711874 1.52237 0.0 0.0
1.99 620599 0.711874 1.52237 0.0 0.0
