0.5 -1.22775e+09 0.928759 1.39275 -1.40425e+09 525378
0.51 -1.2112e+09 0.928759 1.39275 0.0 0.0
0.52 -1.19465e+09 0.928759 1.39275 0.0 0.0
0.53 -1.1781e+09 0.928759 1.39275 0.0 0.0
0.54 -1.16155e+09 0.928759 1.39275 0.0 0.0
0.55 -1.14501e+09 0.928759 1.39275 0.0 0.0
0.56 -1.12846e+09 0.928759 1.39275 0.0 0.0
0.57 -1.11191e+09 0.928759 1.39275 0.0 0.0
0.58 -1.09536e+09 0.928759 1.39275 0.0 0.0
0.59 -1.07881e+09 0.928759 1.39275 0.0 0.0
0.6 -1.06226e+09 0.928759 1.39275 -1.20514e+09 630453
0.61 -1.04571e+09 0.928759 1.39275 0.0 0.0
0.62 -1.02916e+09 0.928759 1.39275 0.0 0.0
0.63 -1.01261e+09 0.928759 1.39275 0.0 0.0
0.64 -9.96058e+08 0.928759 1.39275 0.0 0.0
0.65 -9.79509e+08 0.928759 1.39275 0.0 0.0
0.66 -9.62959e+08 0.928759 1.39275 0.0 0.0
0.67 -9.46409e+08 0.928759 1.39275 0.0 0.0
0.68 -9.2986e+08 0.928759 1.39275 0.0 0.0
0.69 -9.1331e+08 0.928759 1.39275 0.0 0.0
0.7 -8.9676e+08 0.928759 1.39275 -1.00605e+09 735359
0.71 -8.80211e+08 0.928759 1.39275 0.0 0.0
0.72 -8.63661e+08 0.928759 1.39275 0.0 0.0
0.73 -8.47112e+08 0.928759 1.39275 0.0 0.0
0.74 -8.30562e+08 0.928759 1.39275 0.0 0.0
0.75 -8.14012e+08 0.928759 1.39275 0.0 0.0
0.76 -7.97463e+08 0.928759 1.39275 0.0 0.0
0.77 -7.80913e+08 0.928759 1.39275 0.0 0.0
0.78 -7.64363e+08 0.928759 1.39275 0.0 0.0
0.79 -7.47814e+08 0.928759 1.39275 0.0 0.0
0.8 -7.31264e+08 0.928759 1.39275 -8.07122e+08 837602
0.81 -7.14714e+08 0.928759 1.39275 0.0 0.0
0.82 -6.98165e+08 0.928759 1.39275 0.0 0.0
0.83 -6.81615e+08 0.928759 1.39275 0.0 0.0
0.84 -6.65066e+08 0.928759 1.39275 0.0 0.0
0.85 -6.48516e+08 0.928759 1.39275 0.0 0.0
0.86 -6.31966e+08 0.928759 1.39275 0.0 0.0
0.87 -6.15417e+08 0.928759 1.39275 0.0 0.0
0.88 -5.98867e+08 0.928759 1.39275 0.0 0.0
0.89 -5.82317e+08 0.928759 1.39275 0.0 0.0
0.9 -5.65768e+08 0.928759 1.39275 -6.09513e+08 923873
0.91 -5.49218e+08 0.928759 1.39275 0.0 0.0
0.92 -5.32668e+08 0.928759 1.39275 0.0 0.0
0.93 -5.16119e+08 0.928759 1.39275 0.0 0.0
0.94 -4.99569e+08 0.928759 1.39275 0.0 0.0
0.95 -4.8302e+08 0.928759 1.39275 0.0 0.0
0.96 -4.6647e+08 0.928759 1.39275 0.0 0.0
0.97 -4.4992e+08 0.928759 1.39275 0.0 0.0
0.98 -4.33371e+08 0.928759 1.39275 0.0 0.0
0.99 -4.16821e+08 0.928759 1.39275 0.0 0.0
1 -4.00271e+08 0.928759 1.39275 -4.17677e+08 960401
1.01 -3.83722e+08 0.928759 1.39275 0.0 0.0
1.02 -3.67172e+08 0.928759 1.39275 0.0 0.0
1.03 -3.50622e+08 0.928759 1.39275 0.0 0.0
1.04 -3.34073e+08 0.928759 1.39275 0.0 0.0
1.05 -3.17592e+08 0.928759 1.39275 0.0 0.0
1.06 -3.01363e+08 0.928759 1.39275 0.0 0.0
1.07 -2.85396e+08 0.928759 1.39275 0.0 0.0
1.08 -2.69691e+08 0.928759 1.39275 0.0 0.0
1.09 -2.54247e+08 0.928759 1.39275 0.0 0.0
1.1 -2.39066e+08 0.928759 1.39275 -2.42371e+08 902130
1.11 -2.24147e+08 0.928759 1.39275 0.0 0.0
1.12 -2.09489e+08 0.928759 1.39275 0.0 0.0
1.13 -1.95114e+08 0.928759 1.39275 0.0 0.0
1.14 -1.81127e+08 0.928759 1.39275 0.0 0.0
1.15 -1.67543e+08 0.928759 1.39275 0.0 0.0
1.16 -1.54362e+08 0.928759 1.39275 0.0 0.0
1.17 -1.41585e+08 0.928759 1.39275 0.0 0.0
1.18 -1.29211e+08 0.928759 1.39275 0.0 0.0
1.19 -1.1724e+08 0.928759 1.39275 0.0 0.0
1.2 -1.05672e+08 0.928759 1.39275 -1.02908e+08 720131
1.21 -9.45079e+07 0.928759 1.39275 0.0 0.0
1.22 -8.37468e+07 0.928759 1.39275 0.0 0.0
1.23 -7.3389e+07 0.928759 1.39275 0.0 0.0
1.24 -6.34345e+07 0.928759 1.39275 0.0 0.0
1.25 -5.38832e+07 0.928759 1.39275 0.0 0.0
1.26 -4.47352e+07 0.928759 1.39275 0.0 0.0
1.27 -3.59905e+07 0.928759 1.39275 0.0 0.0
1.28 -3.24633e+07 0.928759 1.39275 0.0 0.0
1.29 -2.5359e+07 0.928759 1.39275 0.0 0.0
1.3 -1.87784e+07 0.928759 1.39275 -1.73452e+07 441813
1.31 -1.27213e+07 0.928759 1.39275 0.0 0.0
1.32 -7.18792e+06 0.928759 1.39275 0.0 0.0
1.33 -2.17815e+06 0.928759 1.39275 0.0 0.0
1.34 4.64702e+06 0.928759 1.39275 0.0 0.0
1.35 8.03296e+06 0.928759 1.39275 0.0 0.0
1.36 1.0996e+07 0.928759 1.39275 0.0 0.0
1.37 1.35361e+07 0.928759 1.39275 0.0 0.0
1.38 1.56532e+07 0.928759 1.39275 0.0 0.0
1.39 1.73474e+07 0.928759 1.39275 0.0 0.0
1.4 1.86187e+07 0.928759 1.39275 1.59812e+07 167212
1.41 1.94671e+07 0.928759 1.39275 0.0 0.0
1.42 1.98958e+07 0.928759 1.39275 0.0 0.0
1.43 2.01394e+07 0.928759 1.39275 0.0 0.0
1.44 2.03422e+07 0.928759 1.39275 0.0 0.0
1.45 2.05045e+07 0.928759 1.39275 0.0 0.0
1.46 2.06261e+07 0.928759 1.39275 0.0 0.0
1.47 2.07071e+07 0.928759 1.39275 0.0 0.0
1.48 2.07475e+07 0.928759 1.39275 0.0 0.0
1.49 2.07524e+07 0.928759 1.39275 0.0 0.0
1.5 2.07524e+07 0.928759 1.39275 2.07766e+07 34280.4
1.51 2.07524e+07 0.928759 1.39275 0.0 0.0
1.52 2.07524e+07 0.928759 1.39275 0.0 0.0
1.53 2.07524e+07 0.928759 1.39275 0.0 0.0
1.54 2.07524e+07 0.928759 1.39275 0.0 0.0
1.55 2.07524e+07 0.928759 1.39275 0.0 0.0
1.56 2.07524e+07 0.928759 1.39275 0.0 0.0
1.57 2.07524e+07 0.928759 1.39275 0.0 0.0
1.58 2.07524e+07 0.928759 1.39275 0.0 0.0
1.59 2.07524e+07 0.928759 1.39275 0.0 0.0
1.6 2.07524e+07 0.928759 1.39275 2.09706e+07 9885.83
1.61 2.07524e+07 0.928759 1.39275 0.0 0.0
1.62 2.07524e+07 0.928759 1.39275 0.0 0.0
1.63 2.07524e+07 0.928759 1.39275 0.0 0.0
1.64 2.07524e+07 0.928759 1.39275 0.0 0.0
1.65 2.07524e+07 0.928759 1.39275 0.0 0.0
1.66 2.07524e+07 0.928759 1.39275 0.0 0.0
1.67 2.07524e+07 0.928759 1.39275 0.0 0.0
1.68 2.07524e+07 0.928759 1.39275 0.0 0.0
1.69 2.07524e+07 0.928759 1.39275 0.0 0.0
1.7 2.07524e+07 0.928759 1.39275 2.09804e+07 2.39539e-08
1.71 2.07524e+07 0.928759 1.39275 0.0 0.0
1.72 2.07524e+07 0.928759 1.39275 0.0 0.0
1.73 2.07524e+07 0.928759 1.39275 0.0 0.0
1.74 2.07524e+07 0.928759 1.39275 0.0 0.0
1.75 2.07524e+07 0.928759 1.39275 0.0 0.0
1.76 2.07524e+07 0.928759 1.39275 0.0 0.0
1.77 2.07524e+07 0.928759 1.39275 0.0 0.0
1.78 2.07524e+07 0.928759 1.39275 0.0 0.0
1.79 2.07524e+07 0.928759 1.39275 0.0 0.0
1.8 2.07524e+07 0.928759 1.39275 2.09804e+07 2.39539e-08
1.81 2.07524e+07 0.928759 1.39275 0.0 0.0
1.82 2.07524e+07 0.928759 1.39275 0.0 0.0
1.83 2.07524e+07 0.928759 1.39275 0.0 0.0
1.84 2.07524e+07 0.928759 1.39275 0.0 0.0
1.85 2.07524e+07 0.928759 1.39275 0.0 0.0
1.86 2.07524e+07 0.928759 1.39275 0.0 0.0
1.87 2.07524e+07 0.928759 1.39275 0.0 0.0
1.88 2.07524e+07 0.928759 1.39275 0.0 0.0
1.89 2.07524e+07 0.928759 1.39275 0.0 0.0
1.9 2.07524e+07 0.928759 1.39275 2.09804e+07 2.39539e-08
1.91 2.07524e+07 0.928759 1.39275 0.0 0.0
1.92 2.07524e+07 0.928759 1.39275 0.0 0.0
1.93 2.07524e+07 0.928759 1.39275 0.0 0.0
1.94 2.07524e+07 0.928759 1.39275 0.0 0.0
1.95 2.07524e+07 0.928759 1.39275 0.0 0.0
1.96 2.07524e+07 0.928759 1.39275 0.0 0.0
1.97 2.07524e+07 0.928759 1.39275 0.0 0.0
1.98 2.07524e+07 0.928759 1.39275 0.0 0.0
1.99 2.07524e+07 0.928759 1.39275 0.0 0.0
