0 -0.139814689697203 -0.248132013704785 0 -0.387946703401987
0.01 -0.135426547526019 -0.237242713998414 0.0794208529403707 -0.293248408584062
0.02 -0.131197598244425 -0.226847000994632 0.153702811069564 -0.204341788169494
0.03 -0.127121666596213 -0.21692224925768 0.223118008882263 -0.120925906971631
0.04 -0.123192826866519 -0.207446875444208 0.287925035903462 -0.0427146664072644
0.05 -0.119405392513213 -0.198400290189782 0.34836959294017 0.0305639102371749
0.06 -0.115753906237879 -0.189762852219877 0.404685116982913 0.0991683585251577
0.07 -0.11223313047744 -0.181515824582429 0.457093376242339 0.16334442118247
0.08 -0.10883803829837 -0.173641332903758 0.505805036736173 0.223325665534045
0.09 -0.10556380467614 -0.16612232557426 0.551020201775107 0.279334071524707
0.1 -0.102405798143378 -0.158942535774556 0.592928925632641 0.331580591714708
0.11 -0.0993595727908839 -0.152086445256953 0.631711702623232 0.380265684575395
0.12 -0.0964208606063673 -0.145539249801004 0.66753993275546 0.425579822348089
0.13 -0.0935855641364051 -0.139286826265701 0.700576365071801 0.467703974669694
0.14 -0.0908497494577712 -0.133315701164448 0.730975519734215 0.506810069111995
0.15 -0.0882096394448742 -0.127613020692353 0.758884089864748 0.543061429727521
0.16 -0.0856616073206216 -0.122166522138659 0.7844413241027 0.576613194643419
0.17 -0.0832021704785792 -0.116964506620234 0.807779390794561 0.607612713695748
0.18 -0.0808279845648183 -0.111995813075011 0.829023724689629 0.6361999270498
0.19 -0.078535837808349 -0.107249793457087 0.848293356972991 0.662507725707554
0.2 -0.0763226455895151 -0.102716289077918 0.865701229428297 0.686662294760864
0.21 -0.0741854452361905 -0.0983856080405681 0.881354493485288 0.708783440208529
0.22 -0.0721213910380536 -0.0942485037164899 0.895354794871378 0.728984900116835
0.23 -0.0701277494696383 -0.0902961542165858 0.907798544552582 0.747374640866358
0.24 -0.0682018946132603 -0.0865201428105887 0.918777176616689 0.764055139192841
0.25 -0.0663413037733065 -0.082912439250893 0.928377393720721 0.779123650696522
0.26 -0.0645435532737376 -0.0794653819590109 0.936681400695249 0.7926724654625
0.27 -0.0628063144310097 -0.0761716610347641 0.943767126870174 0.8047891514044
0.28 -0.0611273496949552 -0.073024302050163 0.949708437659796 0.815556785914678
0.29 -0.0595045089504861 -0.0700166505916909 0.954575335919585 0.825054176377408
0.3 -0.0579357259732895 -0.0671423575163861 0.958434153562781 0.833356070073105
0.31 -0.0564190150329804 -0.0643953648887189 0.961347733901859 0.840533353980159
0.32 -0.0549524676374565 -0.0617698925667859 0.963375605157837 0.846653244953595
0.33 -0.0535342494124724 -0.0592604254078022 0.964574145559453 0.851779470739178
0.34 -0.0521625971107034 -0.0568617010642595 0.964996740434203 0.85597244225924
0.35 -0.0508358157448192 -0.0545686983434451 0.964693931674208 0.859289417585944
0.36 -0.0495522758393223 -0.0523766261042773 0.96371355994169 0.861784657998091
0.37 -0.0483104107961292 -0.0502809126666207 0.962100899961556 0.863509576498806
0.38 -0.0471087143690913 -0.0482771957093928 0.959898789232094 0.86451287915361
0.39 -0.0459457382428561 -0.0463613126348676 0.957147750469093 0.86484069959137
0.4 -0.0448200897116671 -0.0445292913776314 0.953886108083689 0.86453672699439
0.41 -0.0437304294538904 -0.0427773416376378 0.95015009898004 0.863642327888512
0.42 -0.0426754693982349 -0.0411018465177634 0.945973977945299 0.862196662029301
0.43 -0.0416539706778069 -0.0394993545471712 0.941390117891423 0.860236792666445
0.44 -0.0406647416683037 -0.037966572072652 0.936429105196022 0.857797791455066
0.45 -0.039706636106811 -0.0365003560009418 0.931119830377711 0.854912838269958
0.46 -0.0387785512878174 -0.0350977068757971 0.925489574330199 0.851613316166584
0.47 -0.0378794263332054 -0.0337557622743603 0.919564090328722 0.847928901721157
0.48 -0.0370082405331167 -0.0324717905080654 0.913367682012236 0.843887650971054
0.49 -0.0361640117547216 -0.0312431846140132 0.906923277535102 0.839516081166367
0.5 -0.0353457949160487 -0.0300674566233977 0.900252500072794 0.834839248533348
0.51 -0.0345526805221524 -0.0289422320941856 0.893375734857346 0.829880822241008
0.52 -0.033783793261012 -0.0278652448958431 0.886312192909887 0.824663154753032
0.53 -0.0330382906566677 -0.0268343322344676 0.879079971629653 0.819207348738518
0.54 -0.0323153617772014 -0.0258474299072213 0.871696112391239 0.813533320706817
0.55 -0.0316142259952786 -0.0249025677754769 0.864176655294631 0.807659861523875
0.56 -0.0309341317990564 -0.0239978654465746 0.856536691205656 0.801604693960025
0.57 -0.0302743556513638 -0.0231315281545579 0.848790411217927 0.795384527412005
0.58 -0.0296342008951421 -0.0223018428306995 0.84095115366107 0.789015109935229
0.59 -0.0290129967032254 -0.0215071743550549 0.833031448774112 0.782511277715832
0.6 -0.0284100970706162 -0.0207459619806857 0.825043061157157 0.775887002105855
0.61 -0.0278248798474939 -0.0200167159225805 0.816997030109138 0.769155434339064
0.62 -0.0272567458112664 -0.0193180141036708 0.808903707954238 0.762328948039301
0.63 -0.0267051177760463 -0.0186484990506913 0.800772796454647 0.75541917962791
0.64 -0.0261694397380034 -0.0180068749329658 0.792613381402712 0.748437066731743
0.65 -0.0256491760551075 -0.0173919047375248 0.784433965481 0.741392884688368
0.66 -0.0251438106598426 -0.0168024075742608 0.776242499474614 0.734296281240511
0.67 -0.0246528463035279 -0.0162372561051223 0.768046411916026 0.727156309507376
0.68 -0.0241758038309446 -0.0156953740916207 0.759852637238855 0.71998145931629
0.69 -0.0237122214840163 -0.0151757340551934 0.751667642513345 0.712779686974136
0.7 -0.0232616542333486 -0.0146773550452141 0.743497452832807 0.705558443554245
0.71 -0.0228236731364808 -0.0141993005096851 0.735347675416966 0.6983247017708
0.72 -0.0223978647217507 -0.0137406762638756 0.727223522494975 0.691084981509349
0.73 -0.021983830396722 -0.013300628552386 0.719129833027861 0.683845374078753
0.74 -0.021581185880165 -0.0128783422003316 0.711071093327262 0.676611565246765
0.75 -0.0211895606566262 -0.0124730388495331 0.703051456624612 0.669388857118452
0.76 -0.0208085974526604 -0.0120839752757961 0.695074761642291 0.662182188913834
0.77 -0.0204379517338401 -0.0117104417835387 0.687144550215809 0.65499615669843
0.78 -0.0200772912216915 -0.0113517606742017 0.679264084013689 0.647835032117796
0.79 -0.0197262954297449 -0.0110072847850396 0.671436360399497 0.640702780184713
0.8 -0.0193846552179179 -0.0106763960950482 0.663664127478305 0.633603076165339
0.81 -0.0190520723644859 -0.0103585043949331 0.655949898367828 0.626539321608409
0.820000000000001 -0.018728259154922 -0.0100530460181685 0.648295964732549 0.619514659559459
0.830000000000001 -0.0184129379869217 -0.00975948263033071 0.64070440961727 0.612531989000017
0.840000000000001 -0.0181058409909537 -0.00947730007401994 0.633177119614783 0.605593978549809
0.850000000000001 -0.0178067096657065 -0.00920600726681032 0.625715796400672 0.598703079468155
0.860000000000001 -0.0175152945278273 -0.00894513514978402 0.618321967666646 0.591861537989034
0.870000000000001 -0.0172313547753736 -0.00869423568431947 0.610996997482296 0.585071407022603
0.880000000000001 -0.0169546579644234 -0.00845288089491093 0.603742096113711 0.578334557254377
0.890000000000001 -0.0166849796983105 -0.00822066195589919 0.596558329326011 0.571652687671802
0.900000000000001 -0.0164221033289766 -0.00799718832009104 0.589446627195532 0.565027335546465
0.910000000000001 -0.0161658196699509 -0.00778208688733868 0.582407792456168 0.558459885898878
0.920000000000001 -0.0159159267204878 -0.00757500121123905 0.575442508403152 0.551951580471425
0.930000000000001 -0.0156722294004152 -0.00737559074219813 0.568551346376459 0.545503526233846
0.940000000000001 -0.0154345392952608 -0.00718353010518619 0.561734772844902 0.539116703444455
0.950000000000001 -0.0152026744112456 -0.00699850841058714 0.554993156110987 0.532791973289154
0.960000000000001 -0.0149764589397466 -0.00682022859661902 0.548326772655598 0.526530085119232
0.970000000000001 -0.0147557230308514 -0.00664840680187273 0.541735813140672 0.520331683307948
0.980000000000001 -0.0145403025756387 -0.00648277176658314 0.535220388087111 0.514197313744889
0.990000000000001 -0.0143300389968375 -0.00632306426131088 0.528780533244349 0.5081274299862
1 -0.0141247790475292 -0.0061690365417738 0.522416214667194 0.502122399077891
1.01 -0.0139243746175725 -0.00602045182862531 0.516127333514785 0.496182507068587
1.02 -0.0137286825474428 -0.00587708381103257 0.509913730585782 0.490307964227306
1.03 -0.0135375644491914 -0.00573871617295984 0.503775190603217 0.484498909981066
1.04 -0.0133508865342417 -0.00560514214111345 0.497711446261779 0.478755417586424
1.05 -0.0131685194477502 -0.00547616405355233 0.491722182049652 0.473077498548349
1.06 -0.0129903381092726 -0.00535159294801442 0.485807037856468 0.467465106799181
1.07 -0.012816221559485 -0.00523124816905291 0.479965612378332 0.461918142649794
1.08 -0.0126460528127213 -0.00511495699311788 0.474197466330358 0.456436456524518
1.09 -0.0124797187150955 -0.00500255427075902 0.468502125476622 0.451019852490767
1.1 -0.0123171098079904 -0.00489388208516291 0.462879083486968 0.445668091593815
1.11 -0.0121581201967002 -0.00478878942627468 0.457327804629617 0.440380895006642
1.12 -0.0120026474240234 -0.00468713187978835 0.451847726308095 0.435157947004283
1.13 -0.0118505923486137 -0.00458877133032321 0.446438261450578 0.429998897771641
1.14 -0.0117018590278992 -0.00449357567813509 0.441098800759335 0.4249033660533
1.15 -0.0115563546053938 -0.00440141856874119 0.435828714827586 0.419870941653451
1.16 -0.0114139892022257 -0.00431217913486589 0.430627356130713 0.414901187793622
1.17 -0.011274675812721 -0.00422574175014232 0.425494060898423 0.40999364333556
1.18 -0.011138330203882 -0.0041419957940303 0.42042815087413 0.405147824876217
1.19 -0.0110048708186092 -0.00406083542743628 0.415428934967519 0.400363228721474
1.2 -0.0108742186825214 -0.00398215937854449 0.410495710805941 0.395639332744875
1.21 -0.0107462973142327 -0.00390587073839115 0.405627766190009 0.390975598137385
1.22 -0.010621032638954 -0.00383187676573511 0.400824380458513 0.386371471053824
1.23 -0.0104983529052883 -0.00376008870079888 0.39608482576749 0.381826384161403
1.24 -0.0103781886050976 -0.00369042158747364 0.391408368288053 0.377339758095482
1.25 -0.0102604723963211 -0.00362279410360034 0.386794269327356 0.372911002827435
1.26 -0.0101451390286319 -0.00355712839895723 0.382241786376838 0.368539518949249
1.27 -0.0100321252718221 -0.00349334994060064 0.377750174091695 0.364224698879273
1.28 -0.00992136984681184 -0.00343138736522265 0.373318685205315 0.359965927993281
1.29 -0.0098128133591803 -0.00337117233820422 0.368946571382224 0.35576258568484
1.3 -0.00970639823512288 -0.00331263941905758 0.364633084012926 0.351614046358745
1.31 -0.00960206865974096 -0.00325572593296544 0.360377474953817 0.347519680361111
1.32 -0.00949977051757517 -0.00320037184813822 0.356178997215235 0.343478854849522
1.33 -0.00939945133529617 -0.0031465196587232 0.352036905600494 0.339490934606475
1.34 -0.00930106022647081 -0.0030941142730118 0.347950457298663 0.33555528279918
1.35 -0.00920454783832445 -0.00304310290670285 0.343918912433666 0.331671261688639
1.36 -0.00910986630042346 -0.0029934349809907 0.339941534572176 0.327838233290762
1.37 -0.00901696917520501 -0.00294506202525798 0.336017591192616 0.324055559992153
1.38 -0.00892581141028399 -0.00289793758416241 0.332146354117499 0.320322605123052
1.39 -0.0088363492924698 -0.00285201712891736 0.328327099911196 0.316638733489809
1.4 -0.00874854040342827 -0.00280725797257443 0.324559110245119 0.313003311869116
1.41 -0.00866234357692666 -0.00276361918912572 0.320841672232207 0.309415709466154
1.42 -0.00857771885760203 -0.00272106153625122 0.317174078732505 0.305875298338652
1.43 -0.00849462746119566 -0.00267954738154536 0.313555628631526 0.302381453788785
1.44 -0.0084130317361983 -0.00263904063206395 0.309985627092999 0.298933554724736
1.45 -0.00833289512685355 -0.00259950666704016 0.306463385787529 0.295530983993636
1.46 -0.00825418213746829 -0.00256091227362526 0.302988223098615 0.292173128687521
1.47 -0.00817685829798138 -0.00252322558551618 0.299559464307368 0.288859380423871
1.48 -0.00810089013074368 -0.00248641602433856 0.296176441757254 0.285589135602172
1.49 -0.00802624511846408 -0.00245045424365987 0.292838495000053 0.28236179563793
1.5 -0.00795289167327846 -0.00241531207551276 0.289544970924224 0.279176767175433
1.51 -0.00788079910689951 -0.00238096247931468 0.286295223866742 0.276033462280528
1.52 -0.00780993760180762 -0.00234737949307462 0.283088615709472 0.272931298614589
1.53 -0.00774027818344418 -0.00231453818678309 0.279924515961039 0.269869699590812
1.54 -0.00767179269337018 -0.00228241461788613 0.276802301825149 0.266848094513892
1.55 -0.0076044537633547 -0.00225098578874861 0.273721358256206 0.263865918704103
1.56 -0.00753823479035884 -0.00222022960601671 0.270681078003093 0.260922613606717
1.57 -0.00747310991238231 -0.00219012484179305 0.267680861641871 0.258017626887695
1.58 -0.00740905398514096 -0.00216065109654253 0.264720117598159 0.255150412516476
1.59 -0.00734604255954487 -0.00213178876365023 0.261798262159892 0.252320430836697
1.6 -0.00728405185994767 -0.00210351899555655 0.258914719481108 0.249527148625603
1.61 -0.007223058763139 -0.00207582367139806 0.256068921577413 0.246770039142876
1.62 -0.00716304077805298 -0.00204868536608587 0.253260308313695 0.244048582169556
1.63 -0.00710397602616675 -0.00202208732075659 0.250488327384652 0.241362264037728
1.64 -0.00704584322256388 -0.00199601341453343 0.24775243428867 0.238710577651572
1.65 -0.00698862165763878 -0.00197044813753861 0.245052092295531 0.236093022500353
1.66 -0.00693229117941872 -0.00194537656510012 0.242386772408434 0.233509104663915
1.67 -0.00687683217648132 -0.00192078433309912 0.239755953320766 0.230958336811186
1.68 -0.00682222556144596 -0.00189665761440632 0.237159121368041 0.228440238192189
1.69 -0.00676845275501856 -0.00187298309635827 0.234595770475393 0.225954334624016
1.7 -0.00671549567056986 -0.00184974795922653 0.232065402101006 0.22350015847121
1.71 -0.00666333669922797 -0.0018269398556351 0.229567525175819 0.221077248620956
1.72 -0.00661195869546705 -0.00180454689088319 0.227101656039834 0.218685150453484
1.73 -0.00656134496317417 -0.00178255760413267 0.224667318375345 0.216323415808038
1.74 -0.00651147924217746 -0.0017609609504213 0.222264043137362 0.213991602944763
1.75 -0.00646234569521922 -0.00173974628346439 0.219891368481522 0.211689276502839
1.76 -0.006413928895358 -0.00171890333920963 0.217548839689728 0.20941600745516
1.77 -0.00636621381378468 -0.00169842222011123 0.215236009093759 0.207171373059863
1.78 -0.00631918580803782 -0.00167829338009087 0.212952435997083 0.204954956808955
1.79 -0.00627283061060426 -0.00165850761015485 0.210697686595086 0.202766348374327
1.8 -0.00622713431789133 -0.0016390560246379 0.208471333893899 0.20060514355137
1.81 -0.00618208337955776 -0.00161993004804553 0.206272957628031 0.198470944200428
1.82 -0.0061376645881906 -0.00160112140246819 0.204102144176969 0.19636335818631
1.83 -0.0060938650693161 -0.00158262209554156 0.201958486480908 0.194281999316051
1.84 -0.00605067227173301 -0.00156442440892859 0.199841583955774 0.192226487275112
1.85 -0.00600807395815679 -0.00154652088729989 0.197751042407662 0.190196447562205
1.86 -0.00596605819616429 -0.00152890432779034 0.195686473946852 0.188191511422897
1.87 -0.0059246133494282 -0.00151156776991045 0.193647496901491 0.186211315782152
1.88 -0.00588372806923142 -0.00149450448589246 0.191633735731092 0.184255503175968
1.89 -0.00584339128625155 -0.00147770797145152 0.189644820939927 0.182323721682224
1.9 -0.00580359220260634 -0.00146117193694361 0.187680388990437 0.180415624850887
1.91 -0.00576432028415103 -0.00144489029890262 0.185740082216737 0.178530871633684
1.92 -0.00572556525301898 -0.00142885717193947 0.183823548738311 0.176669126313352
1.93 -0.00568731708039726 -0.0014130668609875 0.18193044237397 0.174830058432585
1.94 -0.00564956597952917 -0.0013975138538785 0.180060422556153 0.173013342722745
1.95 -0.00561230239893599 -0.00138219281423481 0.178213154245635 0.171218659032464
1.96 -0.00557551701585047 -0.00136709857466357 0.176388307846709 0.169445692256195
1.97 -0.00553920072985489 -0.00135222613023962 0.174585559122888 0.167694132262794
1.98 -0.00550334465671679 -0.00133757063226423 0.172804589113205 0.165963673824224
1.99 -0.00546794012241571 -0.00132312738228774 0.171045084049125 0.164254016544422
2 -0.00543297865735439 -0.0013088918263841 0.169306735272151 0.162564864788412
2.01 -0.00539845199074838 -0.0012948595496665 0.167589239152128 0.160895927611713
2.02 -0.00536435204518807 -0.00128102627103328 0.165892297006318 0.159246918690096
2.03 -0.00533067093136717 -0.00126738783813408 0.164215615019244 0.157617556249742
2.04 -0.00529740094297238 -0.0012539402225465 0.162558904163364 0.156007562997845
2.05 -0.00526453455172864 -0.00124067951515403 0.16092188012058 0.154416666053698
2.06 -0.00523206440259496 -0.00122760192171645 0.159304263204621 0.152844596880309
2.07 -0.00519998330910569 -0.00121470375862423 0.157705778284304 0.151291091216574
2.08 -0.00516828424885255 -0.00120198144882885 0.156126154707721 0.14975588901004
2.09 -0.00513696035910272 -0.00118943151794148 0.154565126227333 0.148238734350289
2.1 -0.00510600493254851 -0.00117705059049243 0.153022430926012 0.146739375402971
2.11 -0.0050754114131843 -0.00116483538634465 0.151497811144034 0.145257564344505
2.12 -0.00504517339230654 -0.0011527827172543 0.149991013407029 0.143793057297468
2.13 -0.00501528460463293 -0.00114088948357219 0.148501788354909 0.142345614266704
2.14 -0.00498573892453666 -0.00112915267107981 0.147029890671763 0.140914999076147
2.15 -0.00495653036239226 -0.00111756934795424 0.145575079016743 0.139500979306396
2.16 -0.00492765306102909 -0.00110613666185632 0.144137115955927 0.138103326233042
2.17 -0.00489910129228939 -0.00109485183713665 0.142715767895182 0.136721814765756
2.18 -0.00487086945368715 -0.00108371217215449 0.141310805014003 0.135356223388162
2.19 -0.00484295206516477 -0.00107271503670451 0.139922001200351 0.134006334098481
2.2 -0.0048153437659443 -0.00106185786954694 0.138549133986472 0.13267193235098
2.21 -0.00478803931147028 -0.00105113817603648 0.137191984485709 0.131352806998202
2.22 -0.00476103357044112 -0.00104055352584588 0.135850337330293 0.130048750234006
2.23 -0.00473432152192637 -0.00103010155077996 0.134523980610106 0.1287595575374
2.24 -0.00470789825256706 -0.00101977994267647 0.133212705812431 0.127485027617188
2.25 -0.00468175895385642 -0.0010095864513897 0.131916307762659 0.126224962357413
2.26 -0.00465589891949859 -0.000999518882853707 0.130634584565962 0.12497916676361
2.27 -0.0046303135428427 -0.000989575097221438 0.129367337549921 0.123747448909857
2.28 -0.00460499831439001 -0.000979753007076724 0.1281143712081 0.122529619886634
2.29 -0.00457994881937192 -0.000970050575715961 0.126875493144561 0.121325493749473
2.29999999999999 -0.00455516073539641 -0.000960465815496558 0.125650514019307 0.120134887468414
2.30999999999999 -0.00453062983016099 -0.000950996786249305 0.124439247494651 0.118957620878241
2.31999999999999 -0.00450635195922991 -0.000941641593751979 0.123241510182494 0.117793516629512
2.32999999999999 -0.00448232306387379 -0.0009323983882616 0.122057121592509 0.116642400140373
2.33999999999999 -0.00445853916896963 -0.000923265363102872 0.120885904081212 0.115504099549139
2.34999999999999 -0.00443499638095936 -0.000914240753310444 0.119727682801925 0.114378445667655
2.35999999999999 -0.00441169088586513 -0.000905322834322745 0.118582285655603 0.113265271935415
2.36999999999999 -0.00438861894735962 -0.000896509920725231 0.117449543242527 0.112164414374442
2.37999999999999 -0.00436577690488962 -0.000887800365040985 0.116329288814844 0.111075711544913
2.38999999999999 -0.0043431611718513 -0.000879192556566698 0.11522135822995 0.109999004501532
2.39999999999999 -0.00432076823381561 -0.000870684920252142 0.114125589904702 0.108934136750634
2.40999999999999 -0.00429859464680222 -0.000862275915621342 0.113041824770439 0.107880954208015
2.41999999999999 -0.00427663703560054 -0.000853964035733709 0.111969906228817 0.106839305157482
2.42999999999999 -0.00425489209213652 -0.0008457478061835 0.110909680108435 0.105809040210115
2.43999999999999 -0.00423335657388357 -0.000837625784136015 0.109860994622244 0.104790012264224
2.44999999999999 -0.00421202730231665 -0.000829596557399032 0.108823700325722 0.103782076466007
2.45999999999999 -0.00419090116140786 -0.000821658743528026 0.107797650075818 0.102785090170882
2.46999999999999 -0.00416997509616254 -0.000813810988963808 0.10678269899063 0.101798912905504
2.47999999999999 -0.00414924611119456 -0.000806051968201242 0.105778704409834 0.100823406330438
2.48999999999999 -0.00412871126933969 -0.000798380382987797 0.104785525855821 0.0998584342034938
2.49999999999999 -0.00410836769030584 -0.000790794961550712 0.103803024995565 0.0989038623437084
2.50999999999999 -0.00408821254935917 -0.000783294457851616 0.102831065603173 0.0979595585959619
2.51999999999999 -0.00406824307604492 -0.00077587765086751 0.101869513523138 0.0970253927962259
2.52999999999999 -0.00404845655294203 -0.000768543343897032 0.100918236634268 0.0961012367374294
2.53999999999999 -0.00402885031445049 -0.000761290363891009 0.0999771048142762 0.0951869641359347
2.54999999999999 -0.00400942174561043 -0.00075411756080631 0.0990459899050306 0.0942824505986138
2.55999999999999 -0.00399016828095218 -0.000747023806982084 0.0981247656784506 0.0933875735905164
2.56999999999999 -0.0039710874033762 -0.000740007996537488 0.0972133078030323 0.0925022124031186
2.57999999999999 -0.00395217664306208 -0.000733069044790047 0.0963114938109981 0.091626248123146
2.58999999999999 -0.00393343357640595 -0.000726205887693846 0.095419203066058 0.0907595636019582
2.59999999999999 -0.00391485582498507 -0.000719417481296758 0.094536316731771 0.0899020434254891
2.60999999999999 -0.00389644105454931 -0.000712702801215975 0.0936627177404969 0.0890535738847316
2.61999999999999 -0.00387818697403833 -0.000706060842131112 0.0927982907629273 0.0882140429467579
2.62999999999999 -0.00386009133462394 -0.000699490617294211 0.0919429221781859 0.0873833402262677
2.63999999999999 -0.00384215192877692 -0.000692991158055979 0.0910965000444871 0.0865613569576542
2.64999999999999 -0.00382436658935751 -0.000686561513407641 0.0902589140703441 0.0857479859675789
2.65999999999999 -0.00380673318872894 -0.000680200749537797 0.0894300555863144 0.0849431216480477
2.66999999999999 -0.00378924963789338 -0.000673907949403709 0.088609817517275 0.0841466599299779
2.67999999999999 -0.00377191388564961 -0.000667682212316468 0.0877980943552159 0.0833584982572498
2.68999999999999 -0.00375472391777188 -0.000661522653539506 0.0869947821325432 0.0825785355612318
2.69999999999999 -0.00373767775620927 -0.00065542840389995 0.0861997783958815 0.0818066722357723
2.70999999999999 -0.00372077345830504 -0.000649398609412332 0.0854129821803676 0.0810428101126502
2.71999999999999 -0.0037040091160354 -0.000643432430914181 0.0846342939844244 0.0802868524374749
2.72999999999999 -0.00368738285526716 -0.000637529043713063 0.0838636157450078 0.0795387038460275
2.73999999999999 -0.00367089283503371 -0.000631687637244626 0.083100850813316 0.0787982703410376
2.74999999999999 -0.00365453724682882 -0.000625907414741252 0.0823459039309541 0.078065459269384
2.75999999999999 -0.00363831431391786 -0.000620187592910914 0.0815986812065439 0.0773401792997151
2.76999999999998 -0.0036222222906658 -0.000614527401625869 0.0808590900927708 0.0766223404004792
2.77999999999998 -0.00360625946188163 -0.000608926083620807 0.0801270393638602 0.0759118538183578
2.78999999999998 -0.00359042414217882 -0.000603382894200134 0.0794024390934738 0.0752086320570948
2.79999999999998 -0.00357471467535118 -0.000597897100954041 0.078685200633019 0.0745125888567138
2.80999999999998 -0.00355912943376385 -0.000592467983483027 0.0779752365903627 0.0738236391731158
2.81999999999998 -0.00354366681775907 -0.000587094833130607 0.0772724608089417 0.073141699158052
2.82999999999998 -0.00352832525507606 -0.000581776952723866 0.0765767883472624 0.0724666861394625
2.83999999999998 -0.00351310320028495 -0.000576513656321611 0.075888135458782 0.0717985186021754
2.84999999999998 -0.00349799913423415 -0.000571304268969835 0.0752064195721633 0.0711371161689593
2.85999999999998 -0.00348301156351094 -0.000566148126464234 0.0745315592718973 0.0704823995819221
2.86999999999998 -0.00346813901991482 -0.000561044575119526 0.0738634742792845 0.0698342906842502
2.87999999999998 -0.00345338005994333 -0.000555992971545344 0.0732020854337694 0.0691927124022807
2.88999999999998 -0.00343873326429004 -0.000550992682428452 0.0725473146746203 0.0685575887279018
2.89999999999998 -0.00342419723735433 -0.000546043084321088 0.0718990850229486 0.0679288447012731
2.90999999999998 -0.00340977060676263 -0.000541143563435198 0.0712573205640601 0.0673064063938622
2.91999999999998 -0.00339545202290093 -0.000536293515442376 0.0706219464301319 0.0666902008917886
2.92999999999998 -0.00338124015845812 -0.0005314923452793 0.0699928887832094 0.066080156279472
2.93999999999998 -0.00336713370797999 -0.000526739466958492 0.0693700747985155 0.065476201623577
2.94999999999998 -0.00335313138743353 -0.0005220343033842 0.0687534326480674 0.0648782669572497
2.95999999999998 -0.00333923193378133 -0.000517376286173249 0.0681428914845944 0.0642862832646398
2.96999999999998 -0.00332543410456572 -0.000512764855480678 0.0675383814257502 0.0637001824657038
2.97999999999998 -0.00331173667750253 -0.000508199459830018 0.0669398335386149 0.0631198974012823
2.98999999999998 -0.0032981384500841 -0.000503679555948043 0.0663471798244799 0.0625453618184478
2.99999999999998 -0.00328463823919139 -0.00049920460860385 0.0657603532039118 0.0619765103561165
3.00999999999998 -0.00327123488071486 -0.000494774090452129 0.0651792875020871 0.0614132785309201
3.01999999999998 -0.00325792722918399 -0.000490387481880485 0.0646039174343956 0.0608556027233312
3.02999999999998 -0.00324471415740518 -0.000486044270860674 0.0640341785923047 0.0603034201640389
3.03999999999998 -0.00323159455610777 -0.000481743952803634 0.0634700074294803 0.0597566689205688
3.04999999999998 -0.00321856733359811 -0.000477486030418185 0.0629113412481595 0.0592152878841432
3.05999999999998 -0.00320563141542126 -0.000473270013573278 0.0623581181857702 0.0586792167567757
3.06999999999998 -0.00319278574403033 -0.000469095419163687 0.0618102772017919 0.0581483960385979
3.07999999999998 -0.00318002927846319 -0.000464961770979027 0.061267758064854 0.0576227670154118
3.08999999999998 -0.00316736099402631 -0.000460868599575999 0.0607305013400656 0.0571022717464633
3.09999999999998 -0.00315477988198564 -0.000456815442153758 0.0601984483765744 0.056586853052435
3.10999999999998 -0.00314228494926432 -0.000452801842432313 0.0596715412953474 0.0560764545036508
3.11999999999998 -0.00312987521814698 -0.000448827350533849 0.0591497229771717 0.0555710204084908
3.12999999999998 -0.00311754972599063 -0.000444891522866905 0.0586329370508688 0.0550704958020113
3.13999999999998 -0.00310530752494181 -0.000440993922013298 0.0581211278817205 0.0545748264347654
3.14999999999998 -0.0030931476816599 -0.000437134116617726 0.0576142405600995 0.0540839587618219
3.15999999999998 -0.0030810692770465 -0.00043331168127996 0.0571122208903037 0.0535978399319772
3.16999999999998 -0.00306907140598065 -0.000429526196449552 0.0566150153795874 0.0531164177771572
3.17999999999998 -0.00305715317705978 -0.000425777248322976 0.056122571227388 0.0526396408020053
3.18999999999998 -0.00304531371234623 -0.000422064428743143 0.0556348363147423 0.052167458173653
3.19999999999998 -0.00303355214711925 -0.000418387335101212 0.0551517591938901 0.0516998197116696
3.20999999999998 -0.0030218676296323 -0.000414745570240624 0.0546732890780605 0.0512366758781876
3.21999999999998 -0.00301025932087553 -0.000411138742363308 0.0541993758314386 0.0507779777681998
3.22999999999998 -0.00299872639434332 -0.000407566464937986 0.0537299699593074 0.0503236771000261
3.23999999999997 -0.00298726803580681 -0.000404028356610521 0.0532650225983625 0.0498737262059451
3.24999999999997 -0.00297588344309113 -0.000400524041116245 0.0528044855071966 0.0494280780229892
3.25999999999997 -0.00296457182585751 -0.000397053147194221 0.0523483110569496 0.0489866860838978
3.26999999999997 -0.00295333240538979 -0.000393615308503367 0.051896452222121 0.0485495045082278
3.27999999999997 -0.00294216441438558 -0.000390210163540414 0.0514488625715431 0.0481164879936171
3.28999999999997 -0.00293106709675165 -0.000386837355559621 0.0510054962595092 0.047687591807198
3.29999999999997 -0.00292003970740374 -0.000383496532494215 0.0505663080170569 0.047262771777159
3.30999999999997 -0.00290908151207039 -0.000380187346879509 0.0501312531434002 0.0468419842844503
3.31999999999997 -0.00289819178710095 -0.00037690945577764 0.0497002874975107 0.0464251862546321
3.32999999999997 -0.00288736981927752 -0.000373662520703893 0.0492733674898427 0.0460123351498613
3.33999999999997 -0.00287661490563078 -0.00037044620755457 0.0488504500742003 0.0456033889610149
3.34999999999997 -0.00286592635325959 -0.000367260186536348 0.0484314927397442 0.0451983061999483
3.35999999999997 -0.00285530347915435 -0.000364104132097107 0.0480164535031348 0.0447970458918834
3.36999999999997 -0.00284474561002391 -0.000360977722858174 0.0476052909008089 0.0443995675679269
3.37999999999997 -0.00283425208212604 -0.000357880641547945 0.0471979639813885 0.0440058312577145
3.38999999999997 -0.00282382224110135 -0.000354812574936867 0.0467944322982177 0.0436157974821795
3.39999999999997 -0.0028134554418106 -0.000351773213773717 0.0463946559020267 0.0432294272464424
3.40999999999997 -0.00280315104817527 -0.00034876225272317 0.0459985953337191 0.0428466820328207
3.41999999999997 -0.00279290843302134 -0.000345779390304609 0.0456062116172818 0.0424675237939558
3.42999999999997 -0.00278272697792625 -0.000342824328832146 0.0452174662528128 0.0420919149460544
3.43999999999997 -0.00277260607306892 -0.000339896774355828 0.0448323212096675 0.0417198183622428
3.44999999999997 -0.00276254511708275 -0.000336996436604 0.0444507389197193 0.0413511973660325
3.45999999999997 -0.00275254351691156 -0.000334123028926783 0.044072682270732 0.0409860157248936
3.46999999999997 -0.00274260068766842 -0.000331276268240656 0.0436981145998443 0.0406242376439353
3.47999999999997 -0.00273271605249726 -0.000328455874974106 0.0433269996871619 0.0402658277596905
3.48999999999997 -0.00272288904243721 -0.000325661573014316 0.0429593017494555 0.039910751134004
3.49999999999997 -0.00271311909628965 -0.000322893089654877 0.0425949854339644 0.0395589732480199
3.50999999999997 -0.00270340566048782 -0.000320150155544486 0.0422340158123017 0.0392104599962694
3.51999999999997 -0.00269374818896905 -0.00031743250463662 0.0418763583744603 0.0388651776808546
3.52999999999997 -0.00268414614304948 -0.000314739874140148 0.0415219790229175 0.0385230930057279
3.53999999999997 -0.00267459899130114 -0.000312072004470875 0.0411708440668367 0.0381841730710647
3.54999999999997 -0.00266510620943159 -0.000309428639203975 0.0408229202163634 0.0378483853677279
3.55999999999997 -0.00265566728016568 -0.000306809525027315 0.0404781745770153 0.0375156977718223
3.56999999999997 -0.00264628169312982 -0.000304214411695637 0.0401365746441634 0.0371860785393379
3.57999999999997 -0.00263694894473832 -0.000301643051985568 0.0397980882976029 0.036859496300879
3.58999999999997 -0.00262766853808198 -0.000299095201651466 0.0394626837962125 0.0365359200564791
3.59999999999997 -0.00261843998281882 -0.000296570619382058 0.0391303297727002 0.0362153191704994
3.60999999999997 -0.0026092627950669 -0.000294069066757859 0.0388009952284338 0.035897663366609
3.61999999999997 -0.0026001364972992 -0.000291590308209362 0.0384746495283548 0.0355829227228463
3.62999999999997 -0.00259106061824044 -0.000289134110975974 0.0381512623959746 0.0352710676667582
3.63999999999997 -0.00258203469276593 -0.000286700245065678 0.0378308039084503 0.0349620689706187
3.64999999999997 -0.00257305826180231 -0.000284288483215417 0.0375132444917401 0.0346558977467224
3.65999999999997 -0.00256413087223018 -0.000281898600852171 0.0371985549158356 0.0343525254427532
3.66999999999997 -0.00255525207678849 -0.000279530376054722 0.0368867062900701 0.0340519238372269
3.67999999999997 -0.00254642143398085 -0.000277183589516081 0.0365776700585023 0.0337540650350054
3.68999999999997 -0.0025376385079835 -0.000274858024506575 0.0362714179953723 0.0334589214628822
3.69999999999997 -0.00252890286855501 -0.000272553466837572 0.03596792220063 0.0331664658652374
3.70999999999996 -0.00252021409094772 -0.000270269704825828 0.0356671550955343 0.0328766712997608
3.71999999999996 -0.00251157175582076 -0.000268006529258448 0.0353690894183214 0.0325895111332422
3.72999999999996 -0.00250297544915473 -0.00026576373335845 0.0350736982199413 0.0323049590374281
3.73999999999996 -0.00249442476216792 -0.000263541112750913 0.0347809548598616 0.0320229889849427
3.74999999999996 -0.00248591929123412 -0.000261338465429694 0.0344908330019359 0.0317435752452721
3.75999999999996 -0.00247745863780186 -0.000259155591724715 0.0342033066103384 0.0314666923808119
3.76999999999996 -0.00246904240831526 -0.000256992294269796 0.0339183499455603 0.0311923152429753
3.77999999999996 -0.00246067021413619 -0.000254848377971027 0.0336359375604693 0.0309204189683621
3.78999999999996 -0.00245234167146796 -0.000252723649975667 0.03335604429643 0.0306509789749864
3.79999999999996 -0.00244405640128032 -0.000250617919641563 0.0330786452794846 0.0303839709585628
3.80999999999996 -0.00243581402923588 -0.000248530998507071 0.0328037159165921 0.0301193708888492
3.81999999999996 -0.00242761418561782 -0.000246462700261476 0.0325312318919258 0.0298571550060465
3.82999999999996 -0.00241945650525893 -0.000244412840715896 0.0322611691632279 0.029597299817253
3.83999999999996 -0.00241134062747193 -0.00024238123777466 0.0319935039582192 0.0293397820929726
3.84999999999996 -0.00240326619598102 -0.000240367711407161 0.031728212771065 0.0290845788636769
3.85999999999996 -0.00239523285885465 -0.000238372083620154 0.0314652723588939 0.0288316674164191
3.86999999999996 -0.00238724026843956 -0.000236394178430511 0.0312046597383698 0.0285810252914998
3.87999999999996 -0.00237928808129593 -0.000234433821838411 0.0309463521823168 0.0283326302791825
3.88999999999996 -0.00237137595813365 -0.000232490841800963 0.0306903272163942 0.0280864604164596
3.89999999999996 -0.00236350356374985 -0.000230565068206248 0.0304365626158225 0.0278424939838664
3.90999999999996 -0.0023556705669674 -0.000228656332847778 0.0301850364021585 0.0276007095023434
3.91999999999996 -0.00234787664057457 -0.000226764469399356 0.0299357268401196 0.0273610857301456
3.92999999999996 -0.00234012146126574 -0.000224889313390344 0.0296886124344546 0.0271236016597985
3.93999999999996 -0.00233240470958312 -0.000223030702181304 0.0294436719268627 0.0268882365150983
3.94999999999996 -0.00232472606985955 -0.000221188474940044 0.0292008842929581 0.0266549697481585
3.95999999999996 -0.00231708523016223 -0.000219362472618018 0.0289602287392794 0.0264237810364991
3.96999999999996 -0.00230948188223749 -0.000217552537927108 0.0287216847003445 0.0261946502801799
3.97999999999996 -0.00230191572145647 -0.000215758515316764 0.0284852318357486 0.0259675575989753
3.98999999999996 -0.00229438644676181 -0.000213980250951496 0.0282508500273052 0.0257424833295919
3.99999999999996 -0.00228689376061516 -0.000212217592688717 0.0280185193762303 0.0255194080229264
4.00999999999996 -0.00227943736894568 -0.000210470390056926 0.0277882202003664 0.0252983124413638
4.01999999999996 -0.00227201698109945 -0.000208738494234227 0.0275599330314496 0.0250791775561159
4.02999999999996 -0.00226463230978959 -0.000207021758027172 0.0273336386124149 0.0248619845445981
4.03999999999996 -0.00225728307104745 -0.000205320035849937 0.0271093178947421 0.0246467147878447
4.04999999999996 -0.00224996898417447 -0.000203633183703805 0.0268869520358405 0.0244333498679622
4.05999999999996 -0.00224268977169493 -0.000201961059156966 0.0266665223964711 0.0242218715656192
4.06999999999996 -0.00223544515930948 -0.000200303521324618 0.0264480105382073 0.0240122618575732
4.07999999999996 -0.00222823487584948 -0.00019866043084937 0.0262313982209313 0.0238045029142325
4.08999999999996 -0.0022210586532321 -0.000197031649881944 0.0260166674003683 0.0235985770972543
4.09999999999996 -0.00221391622641619 -0.000195417042062157 0.0258038002256551 0.0233944669571767
4.10999999999996 -0.00220680733335884 -0.000193816472500192 0.0255927790369441 0.0231921552310851
4.11999999999996 -0.00219973171497274 -0.000192229807758151 0.0253835863630426 0.0229916248403117
4.12999999999996 -0.00219268911508424 -0.000190656915831876 0.0251762049190849 0.0227928588881688
4.13999999999996 -0.00218567928039205 -0.00018909766613304 0.0249706176042385 0.0225958406577134
4.14999999999996 -0.00217870196042672 -0.000187551929471508 0.0247668074994429 0.0224005536095447
4.15999999999996 -0.0021717569075107 -0.00018601957803795 0.0245647578651809 0.0222069813796322
4.16999999999996 -0.00216484387671915 -0.000184500485386716 0.0243644521392811 0.0220151077771752
4.17999999999996 -0.00215796262584135 -0.000182994526418953 0.0241658739347525 0.0218249167824922
4.18999999999996 -0.00215111291534273 -0.000181501577365979 0.023969007037649 0.0216363925449403
4.19999999999995 -0.00214429450832758 -0.000180021515772891 0.0237738354049646 0.0214495193808642
4.20999999999995 -0.00213750717050233 -0.000178554220482413 0.0235803431625583 0.0212642817715735
4.21999999999995 -0.00213075067013945 -0.00017709957161898 0.0233885146031078 0.0210806643613494
4.22999999999995 -0.00212402477804192 -0.000175657450573048 0.0231983341840928 0.0208986519554778
4.23999999999995 -0.00211732926750832 -0.000174227739985631 0.0230097865258059 0.020718229518312
4.24999999999995 -0.00211066391429844 -0.000172810323733065 0.0228228564093916 0.0205393821713601
4.25999999999995 -0.0021040284965995 -0.00017140508691198 0.0226375287749127 0.0203620951914012
4.26999999999995 -0.00209742279499284 -0.000170011915824495 0.0224537887194437 0.0201863540086264
4.27999999999995 -0.00209084659242126 -0.000168630697963623 0.0222716214951908 0.0200121442048059
4.28999999999995 -0.00208429967415676 -0.000167261321998876 0.0220910125076374 0.0198394515114818
4.29999999999995 -0.00207778182776891 -0.000165903677762084 0.0219119473137166 0.0196682618081856
4.30999999999995 -0.00207129284309367 -0.000164557656233409 0.0217344116200074 0.0194985611206803
4.31999999999995 -0.00206483251220269 -0.000163223149527553 0.0215583912809571 0.0193303356192268
4.32999999999995 -0.00205840062937316 -0.000161900050880169 0.021383872297127 0.0191635716168737
4.33999999999995 -0.00205199699105809 -0.000160588254634451 0.0212108408134637 0.0189982555677711
4.34999999999995 -0.0020456213958571 -0.000159287656227924 0.0210392831175922 0.0188343740655071
4.35999999999995 -0.00203927364448765 -0.000157998152179405 0.0208691856381342 0.0186719138414671
4.36999999999995 -0.00203295353975672 -0.000156719640076158 0.0207005349430481 0.0185108617632152
4.37999999999995 -0.00202666088653295 -0.000155452018561218 0.0205333177379921 0.0183512048328979
4.38999999999995 -0.00202039549171922 -0.000154195187320898 0.0203675208647097 0.0181929301856696
4.39999999999995 -0.00201415716422566 -0.000152949047072459 0.0202031312994367 0.0180360250881386
4.40999999999995 -0.00200794571494308 -0.00015171349955196 0.0200401361513299 0.0178804769368349
4.41999999999995 -0.00200176095671679 -0.000150488447502268 0.0198785226609174 0.0177262732566984
4.42999999999995 -0.00199560270432092 -0.000149273794661238 0.0197182781985693 0.0175734016995871
4.43999999999995 -0.00198947077443299 -0.000148069445750047 0.0195593902629891 0.017421850042806
4.44999999999995 -0.00198336498560902 -0.000146875306461697 0.0194018464797255 0.0172716061876548
4.45999999999995 -0.00197728515825892 -0.000145691283449665 0.0192456345997045 0.0171226581579959
4.46999999999995 -0.00197123111462237 -0.000144517284316714 0.0190907424977798 0.0169749940988408
4.47999999999995 -0.00196520267874493 -0.000143353217603854 0.0189371581713044 0.0168286022749556
4.48999999999995 -0.00195919967645465 -0.000142198992779448 0.0187848697387196 0.0166834710694855
4.49999999999995 -0.00195322193533897 -0.000141054520228472 0.0186338654381637 0.0165395889825962
4.50999999999995 -0.00194726928472198 -0.000139919711241913 0.0184841336260989 0.016396944630135
4.51999999999995 -0.00194134155564202 -0.000138794478006314 0.0183356627759564 0.0162555267423081
4.52999999999995 -0.00193543858082971 -0.000137678733593457 0.0181884414767993 0.0161153241623761
4.53999999999995 -0.00192956019468614 -0.000136572391950185 0.0180424584320029 0.0159763258453666
4.54999999999995 -0.00192370623326157 -0.000135475367888356 0.0178977024579533 0.0158385208568034
4.55999999999995 -0.00191787653423436 -0.000134387577074938 0.0177541624827619 0.0157018983714526
4.56999999999995 -0.0019120709368902 -0.000133308936022227 0.0176118275449975 0.0155664476720851
4.57999999999995 -0.00190628928210175 -0.000132239362078201 0.0174706867924347 0.0154321581482548
4.58999999999995 -0.00190053141230845 -0.000131178773417001 0.0173307294808189 0.0152990192950934
4.59999999999995 -0.00189479717149677 -0.00013012708902953 0.0171919449726469 0.0151670207121206
4.60999999999995 -0.00188908640518068 -0.000129084228714186 0.017054322735964 0.0150361521020691
4.61999999999995 -0.00188339896038239 -0.000128050113067714 0.016917852343176 0.0149064032697259
4.62999999999995 -0.00187773468561346 -0.00012702466347617 0.0167825234698774 0.0147777641207878
4.63999999999995 -0.00187209343085612 -0.000126007802106014 0.0166483258936939 0.0146502246607317
4.64999999999995 -0.0018664750475449 -0.000124999451895312 0.0165152494931402 0.0145237749937
4.65999999999995 -0.0018608793885485 -0.000123999536545058 0.0163832842464932 0.0143984053213996
4.66999999999994 -0.00185530630815201 -0.000123007980510601 0.016252420230678 0.0142741059420153
4.67999999999994 -0.00184975566203926 -0.000122024708993192 0.01612264762017 0.0141508672491376
4.68999999999994 -0.00184422730727557 -0.000121049647931635 0.0159939566859101 0.0140286797307029
4.69999999999994 -0.00183872110229064 -0.000120082723994045 0.0158663377942337 0.013907533967949
4.70999999999994 -0.00183323690686178 -0.000119123864569718 0.0157397814058135 0.013787420634382
4.71999999999994 -0.0018277745820973 -0.000118172997761098 0.0156142780746162 0.0136683304947578
4.72999999999994 -0.00182233399042023 -0.000117230052375852 0.015489818446872 0.0135502544040759
4.73999999999994 -0.00181691499555221 -0.000116294957919048 0.0153663932600569 0.0134331833065857
4.74999999999994 -0.00181151746249762 -0.000115367644585425 0.0152439933418886 0.0133171082348056
4.75999999999994 -0.00180614125752801 -0.000114448043251771 0.0151226096093344 0.0132020203085546
4.76999999999994 -0.00180078624816666 -0.000113536085469394 0.0150022330676322 0.0130879107339962
4.77999999999994 -0.00179545230317342 -0.000112631703456683 0.0148828548093234 0.0129747708026933
4.78999999999994 -0.00179013929252974 -0.000111734830091774 0.0147644660132979 0.0128625918906764
4.79999999999994 -0.00178484708742397 -0.000110845398905304 0.0146470579438515 0.0127513654575222
4.80999999999994 -0.0017795755602368 -0.000109963344073251 0.0145306219497548 0.0126410830454448
4.81999999999994 -0.00177432458452692 -0.000109088600409873 0.0144151494633336 0.0125317362783968
4.82999999999994 -0.00176909403501696 -0.000108221103360729 0.0143006319995611 0.0124233168611834
4.83999999999994 -0.00176388378757952 -0.000107360788995796 0.0141870611551609 0.0123158165785856
4.84999999999994 -0.00175869371922349 -0.000106507594002659 0.014074428607722 0.0122092272944959
4.85999999999994 -0.00175352370808053 -0.0001056614556798 0.0139627261148238 0.0121035409510635
4.86999999999994 -0.00174837363339168 -0.000104822311929961 0.0138519455131724 0.0119987495678507
4.87999999999994 -0.00174324337549431 -0.000103990101253595 0.0137420787177476 0.0118948452409997
4.88999999999994 -0.00173813281580909 -0.000103164762742397 0.0136331177209603 0.0117918201424089
4.89999999999994 -0.00173304183682724 -0.000102346236072912 0.0135250545918206 0.0116896665189204
4.90999999999994 -0.00172797032209795 -0.000101534461500228 0.0134178814751151 0.0115883766915169
4.91999999999994 -0.00172291815621595 -0.000100729379851742 0.0133115905905957 0.0114879430545281
4.92999999999994 -0.00171788522480923 -9.99309325210065E-05 0.0132061742321774 0.0113883580748472
4.93999999999994 -0.00171287141452705 -9.91390614616468E-05 0.013101624767146 0.0112896142911573
4.94999999999994 -0.00170787661302794 -9.83537091813598E-05 0.0129979346353757 0.0111917043131664
4.95999999999994 -0.00170290070896804 -9.75748187359812E-05 0.0128950963485561 0.0110946208208521
4.96999999999994 -0.00169794359198946 -9.68023337236268E-05 0.0127931024894286 0.0109983565637155
4.97999999999994 -0.0016930051527089 -9.60361982789058E-05 0.0126919457110322 0.0109029043600444
4.98999999999994 -0.00168808528270639 -9.52763570672045E-05 0.012591618735958 0.0108082570961844
4.99999999999994 -0.00168318387451418 -9.45227552790391E-05 0.0124921143556133 0.01071440772582
5.00999999999994 -0.00167830082160575 -0.000093775338624478 0.0123934254294939 0.0106213492692637
5.01999999999994 -0.0016734360183851 -9.30340533276307E-05 0.0122955448844663 0.0105290748127535
5.02999999999994 -0.00166858936017599 -9.22988461212042E-05 0.0121984657140567 0.0104375775077595
5.03999999999994 -0.00166376074321153 -0.000091569664241125 0.0121021809777504 0.0103468505702978
5.04999999999994 -0.00165895006462375 -9.08464554212255E-05 0.0120066838002988 0.0102568872802538
5.05999999999994 -0.0016541572224334 -0.000090129167887995 0.0119119673710341 0.0101676809807127
5.06999999999994 -0.00164938211553987 -8.94177503553937E-05 0.0118180249431933 0.010079225077298
5.07999999999994 -0.00164462464371123 -8.87121520197281E-05 0.0117248498332494 0.00999151303751842
5.08999999999994 -0.00163988470757444 -8.80123225545891E-05 0.0116324354202511 0.00990453839012203
5.09999999999994 -0.00163516220860565 -8.73182121058494E-05 0.0115407751451699 0.00981829472445839
5.10999999999994 -0.00163045704912065 -8.66297712867214E-05 0.0114498625102554 0.00973277568984802
5.11999999999994 -0.00162576913226547 -8.59469511728735E-05 0.0113596910783978 0.00964797499495941
5.12999999999994 -0.00162109836200707 -8.52697032976043E-05 0.011270254472498 0.0095638864071933
5.13999999999993 -0.00161644464312415 -0.000084597979647075 0.0111815463748456 0.00948050375207433
5.14999999999993 -0.00161180788119816 -8.39317326555974E-05 0.0110935605265035 0.00939782091264972
5.15999999999993 -0.00160718798260431 -8.32709152009775E-05 0.0110062907267003 0.00931583182889504
5.16999999999993 -0.00160258485450281 -8.26154805999152E-05 0.0109197308322297 0.00923453049712699
5.17999999999993 -0.00159799840483014 -8.19653826034567E-05 0.0108338747568565 0.00915391096942294
5.18999999999993 -0.00159342854229051 -0.000081320575392502 0.0107487164707303 0.00907396735304731
5.19999999999993 -0.00158887517634739 -8.06810135733636E-05 0.0106642499998054 0.00899469380988469
5.20999999999993 -0.00158433821721513 -8.00466521733785E-05 0.0105804694252679 0.00891608455587941
5.21999999999993 -0.00157981757585075 -7.94174466365709E-05 0.010497368882969 0.00883813386048172
5.22999999999993 -0.00157531316394582 -0.000078793352819366 0.0104149425628656 0.00876083604610037
5.23999999999993 -0.00157082489391839 -7.81743269863531E-05 0.0103331847084663 0.00868418548756151
5.24999999999993 -0.00156635267890511 -7.75603258060989E-05 0.0102520896162851 0.00860817661157387
5.25999999999993 -0.0015618964327534 -0.000076951306347009 0.0101716516353005 0.00853280389620005
5.26999999999993 -0.00155745607001373 -7.63472260732374E-05 0.010091865166421 0.00845806187033398
5.27999999999993 -0.00155303150593203 -7.57480428406436E-05 0.010012724661957 0.00838394511318433
5.28999999999993 -0.00154862265644214 -7.51537148927963E-05 0.00993422462509878 0.00831044825376384
5.29999999999993 -0.00154422943815842 -7.45642008570232E-05 0.00985635960940003 0.00823756597038459
5.30999999999993 -0.00153985176836842 -7.39794597405068E-05 0.00977912421826781 0.00816529299015888
5.31999999999993 -0.00153548956502565 -7.33994509264244E-05 0.00970251310445812 0.00809362408850605
5.32999999999993 -0.00153114274674246 -7.28241341701329E-05 0.00962652096957724 0.00802255408866465
5.33999999999993 -0.00152681123278297 -7.22534695953978E-05 0.00955114256358877 0.0079520778612104
5.34999999999993 -0.00152249494305617 -7.16874176906638E-05 0.00947637268432632 0.00788219032357949
5.35999999999993 -0.001518193798109 -7.11259393053704E-05 0.00940220617701168 0.00781288643959731
5.36999999999993 -0.00151390771911962 -7.05689956463075E-05 0.00932863793377854 0.00774416121901262
5.37999999999993 -0.00150963662789069 -7.00165482740133E-05 0.00925566289320151 0.00767600971703681
5.38999999999993 -0.0015053804468428 -6.94685590992136E-05 0.00918327603983058 0.00760842703388857
5.39999999999993 -0.00150113909900793 -0.000068924990379301 0.00911147240373072 0.00754140831434349
5.40999999999993 -0.00149691250802301 -0.000068385804714854 0.0090402470600268 0.00747494874728894
5.41999999999993 -0.00149270059812359 -6.78509650461959E-05 0.00896959512845352 0.00740904356528373
5.42999999999993 -0.00148850329413754 -6.73204346499924E-05 0.0088995117729105 0.00734368804412296
5.43999999999993 -0.0014843205214789 -6.67941771358874E-05 0.00882999220102229 0.00727887750240751
5.44999999999993 -0.00148015220614169 -6.62721564431771E-05 0.00876103166370337 0.0072146073011185
5.45999999999993 -0.00147599827469394 -6.57543368375214E-05 0.00869262545472794 0.00715087284319647
5.46999999999993 -0.0014718586542717 -0.000065240682907692 0.00862476891030463 0.00708766957312523
5.47999999999993 -0.00146773327257314 -6.47311595623572E-05 0.00855745740865586 0.00702499297652037
5.48999999999993 -0.00146362205785276 -6.42257320269027E-05 0.00849068636960194 0.00696283857972229
5.49999999999993 -0.00145952493891561 -6.37243658402878E-05 0.00842445125414977 0.00690120194939387
5.50999999999993 -0.00145544184511168 -6.32270268519371E-05 0.0083587475640861 0.00684007869212249
5.51999999999993 -0.00145137270633023 -6.27336812186661E-05 0.00829357084157537 0.00677946445402647
5.52999999999993 -0.00144731745299431 -6.22442954016418E-05 0.00822891666876187 0.00671935492036592
5.53999999999993 -0.00144327601605527 -6.17588361633766E-05 0.00816478066737648 0.00665974581515782
5.54999999999993 -0.00143924832698739 -6.12772705647558E-05 0.00810115849834755 0.0066006329007954
5.55999999999993 -0.00143523431778251 -6.07995659620976E-05 0.00803804586141625 0.00654201197767164
5.56999999999993 -0.00143123392094482 -6.03256900042463E-05 0.00797543849475605 0.00648387888380698
5.57999999999993 -0.00142724706948561 -0.000059855610629697 0.00791333217459637 0.00642622949448106
5.58999999999993 -0.00142327369691819 -5.93892960637524E-05 0.00785172271485045 0.0063690597218685
5.59999999999993 -0.00141931373725277 -5.89267148157106E-05 0.00779060596674722 0.00631236551467874
5.60999999999992 -0.00141536712499146 -0.000058467835676084 0.00772997781846722 0.00625614285779967
5.61999999999992 -0.00141143379512337 -5.80126277138488E-05 0.0076698341947825 0.00620038777194528
5.62999999999992 -0.00140751368311964 -5.75610602737243E-05 0.00761017105670046 0.0061450963133071
5.63999999999992 -0.00140360672492869 -5.71131029734826E-05 0.00755098440111155 0.00609026457320937
5.64999999999992 -0.00139971285697139 -5.66687257012869E-05 0.00749227026044078 0.0060358886777681
5.65999999999992 -0.0013958320161364 -5.62278986130593E-05 0.00743402470230311 0.00598196478755365
5.66999999999992 -0.00139196413977545 -5.57905921298777E-05 0.00737624382916244 0.0059284890972571
5.67999999999992 -0.00138810916569882 -5.53567769354001E-05 0.00731892377799441 0.00587545783536019
5.68999999999992 -0.00138426703217072 -5.49264239733173E-05 0.0072620607199528 0.00582286726380876
5.69999999999992 -0.00138043767790486 -5.44995044448337E-05 0.0072056508600395 0.00577071367768981
5.70999999999992 -0.00137662104205996 -5.40759898061747E-05 0.00714969043677809 0.00571899340491195
5.71999999999992 -0.00137281706423544 -0.000053655851766121 0.00709417572189092 0.00566770280588936
5.72999999999992 -0.00136902568446701 -5.32390622835707E-05 0.00703910301997967 0.00561683827322909
5.73999999999992 -0.00136524684322245 -5.28255935651259E-05 0.00698446866820928 0.00556639623142171
5.74999999999992 -0.00136148048139735 -0.000052415418062707 0.00693026903599538 0.00551637313653532
5.75999999999992 -0.00135772654031094 -5.20085084711914E-05 0.00687650052469493 0.00546676547591279
5.76999999999992 -0.001353984961702 -5.16048377260782E-05 0.00682315956730031 0.00541756976787223
5.77999999999992 -0.00135025568772471 -0.000051204379001178 0.00677024262813654 0.00536878256141066
5.78999999999992 -0.00134653866094467 -5.08071057063267E-05 0.00671774620256186 0.00532040043591087
5.79999999999992 -0.00134283382433492 -0.000050412991485125 0.00666566681667137 0.00527242000085133
5.80999999999992 -0.00133914112127197 -5.00220102127008E-05 0.00661400102700391 0.00522483789551924
5.81999999999992 -0.00133546049553193 -4.96341359934961E-05 0.006562745420252 0.00517765078872657
5.82999999999992 -0.00133179189128669 -4.92493431590772E-05 0.00651189661297492 0.00513085537852915
5.83999999999992 -0.00132813525310005 -4.88676062659688E-05 0.00646145125131474 0.00508444839194872
5.84999999999992 -0.00132449052592406 -4.84889000935099E-05 0.00641140601071543 0.00503842658469785
5.85999999999992 -0.00132085765509523 -4.81131996417339E-05 0.00636175759564486 0.0049927867409079
5.86999999999992 -0.0013172365863309 -4.77404801292699E-05 0.00631250273931983 0.00494752567285966
5.87999999999992 -0.0013136272657256 -4.73707169912667E-05 0.00626363820343389 0.00490264022071702
5.88999999999992 -0.00131002963974749 -4.70038858773389E-05 0.00621516077788809 0.00485812725226326
5.89999999999992 -0.0013064436552348 -4.66399626495346E-05 0.00616706728052454 0.00481398366264021
5.90999999999992 -0.00130286925939231 -4.62789233803239E-05 0.00611935455686275 0.00477020637409012
5.91999999999992 -0.00129930639978794 -4.59207443506096E-05 0.00607201947983876 0.00472679233570021
5.92999999999992 -0.00129575502434928 -4.55654020477577E-05 0.00602505894954694 0.0046837385231499
5.93999999999992 -0.00129221508136025 -4.52128731636493E-05 0.00597846989298458 0.00464104193846068
5.94999999999992 -0.00128868651945772 -4.48631345927528E-05 0.00593224926379905 0.00459869960974858
5.95999999999992 -0.00128516928762823 -4.45161634302158E-05 0.00588639404203766 0.00455670859097921
5.96999999999992 -0.00128166333520473 -4.41719369699777E-05 0.00584090123390007 0.00451506596172537
5.97999999999992 -0.00127816861186332 -4.38304327029012E-05 0.00579576787149332 0.0044737688269271
5.98999999999992 -0.0012746850676201 -4.34916283149236E-05 0.00575099101258936 0.00443281431665435
5.99999999999992 -0.00127121265282796 -4.31555016852279E-05 0.00570656774038514 0.00439219958587195
6.00999999999992 -0.00126775131817352 -4.28220308844314E-05 0.00566249516326511 0.00435192181420716
6.01999999999992 -0.001264301014674 -4.24911941727952E-05 0.00561877041456627 0.00431197820571947
6.02999999999992 -0.0012608616936742 -4.21629699984499E-05 0.00557539065234554 0.00427236598867289
6.03999999999992 -0.00125743330684346 -0.000041837336995642 0.00553235305914962 0.00423308241531052
6.04999999999992 -0.0012540158061727 -4.15142739829964E-05 0.00548965484178719 0.00419412476163149
6.05999999999992 -0.00125060914397146 -4.11937599617983E-05 0.00544729323110337 0.00415549032717011
6.06999999999992 -0.00124721327286498 -4.08757741142918E-05 0.00540526548175665 0.00411717643477737
6.07999999999991 -0.00124382814579134 -4.05602958019969E-05 0.00536356887199798 0.00407918043040464
6.08999999999991 -0.00124045371599859 -0.000040247304564043 0.00532220070345218 0.00404149968288954
6.09999999999991 -0.00123708993704193 -0.00003993678011552 0.00528115830090156 0.0040041315837441
6.10999999999991 -0.00123373676278096 -3.96287023458463E-05 0.00524043901207178 0.00396707354694498
6.11999999999991 -0.00123039414737686 -0.000039323051317153 0.00520004020741988 0.00393032300872588
6.12999999999991 -0.00122706204528972 -3.90198072626855E-05 0.00515995927992445 0.00389387742737204
6.13999999999991 -0.00122374041127585 -3.87189505852208E-05 0.00512019364487795 0.00385773428301688
6.14999999999991 -0.00122042920038505 -3.84204618555008E-05 0.00508074073968116 0.00382189107744062
6.15999999999991 -0.00121712836795805 -3.81243218106823E-05 0.00504159802363972 0.00378634533387099
6.16999999999991 -0.00121383786962385 -0.000037830511352802 0.00500276297776265 0.003751094596786
6.17999999999991 -0.00121055766129719 -3.75390115472579E-05 0.00496423310456304 0.00371613643171859
6.18999999999991 -0.00120728769917594 -0.000037249803621305 0.00492600592786065 0.0036814684250634
6.19999999999991 -0.00120402793973866 -3.69628689625675E-05 0.00488807899258656 0.00364708818388533
6.20999999999991 -0.00120077833974201 -3.66781891175652E-05 0.00485044986458975 0.00361299333573018
6.21999999999991 -0.00119753885621836 -3.63957457902552E-05 0.00481311613044571 0.0035791815284371
6.22999999999991 -0.00119430944647333 -3.61155208405881E-05 0.00477607539726685 0.00354565042995293
6.23999999999991 -0.00119109006808336 -0.000035837496283079 0.00473932529251491 0.00351239772814847
6.24999999999991 -0.00118788067889334 -3.55616542853927E-05 0.00470286346381526 0.00347942113063652
6.25999999999991 -0.00118468123701425 -3.52879771669435E-05 0.00466668757877299 0.0034467183645918
6.26999999999991 -0.0011814917008208 -3.50164473975083E-05 0.0046307953247909 0.0034142871765726
6.27999999999991 -0.00117831202894916 -3.47470475958547E-05 0.00459518440888929 0.00338212533234428
6.28999999999991 -0.00117514218029464 -3.44797605283818E-05 0.00455985255752755 0.00335023061670453
6.29999999999991 -0.00117198211400947 -3.42145691077754E-05 0.00452479751642755 0.0033186008333103
6.30999999999991 -0.00116883178950052 -3.39514563916763E-05 0.00449001705039874 0.00328723380450655
6.31999999999991 -0.0011656911664271 -0.000033690405581362 0.00445550894316509 0.00325612737115663
6.32999999999991 -0.00116256020469879 -3.34314000204414E-05 0.00442127099719361 0.00322527939247437
6.33999999999991 -0.00115943886447328 -3.31744231935628E-05 0.0043873010335247 0.00319468774585786
6.34999999999991 -0.00115632710615418 -3.29194587251344E-05 0.00435359689160414 0.00316435032672482
6.35999999999991 -0.00115322489038897 -3.26664903780579E-05 0.00432015642911668 0.00313426504834965
6.36999999999991 -0.00115013217806684 -3.24155020524745E-05 0.00428697752182142 0.00310442984170211
6.37999999999991 -0.00114704893031666 -3.21664777845234E-05 0.00425405806338867 0.00307484265528749
6.38999999999991 -0.00114397510850491 -3.19194017451122E-05 0.00422139596523851 0.00304550145498848
6.39999999999991 -0.00114091067423366 -3.16742582387003E-05 0.00418898915638089 0.00301640422390853
6.40999999999991 -0.00113785558933854 -3.14310317020936E-05 0.00415683558325739 0.00298754896221675
6.41999999999991 -0.00113480981588679 -3.11897067032514E-05 0.00412493320958442 0.00295893368699438
6.42999999999991 -0.00113177331617524 -3.09502679401051E-05 0.00409328001619805 0.00293055643208271
6.43999999999991 -0.00112874605272842 -3.07127002393884E-05 0.00406187400090034 0.00290241524793254
6.44999999999991 -0.0011257279882966 -3.04769885554791E-05 0.00403071317830715 0.00287450820145507
6.45999999999991 -0.00112271908585391 -3.02431179692521E-05 0.00399979557969749 0.00284683337587433
6.46999999999991 -0.00111971930859643 -3.00110736869443E-05 0.00396911925286429 0.00281938887058092
6.47999999999991 -0.00111672861994032 -2.97808410390298E-05 0.00393868226196668 0.00279217280098733
6.48999999999991 -0.00111374698352002 -2.95524054791064E-05 0.00390848268738368 0.00276518329838455
6.49999999999991 -0.00111077436318637 -2.93257525827934E-05 0.0038785186255693 0.00273841850980014
6.50999999999991 -0.00110781072300483 -2.91008680466398E-05 0.00384878818890914 0.00271187659785767
6.51999999999991 -0.00110485602725369 -0.000028877737687043 0.00381928950557826 0.00268555574063752
6.52999999999991 -0.0011019102404223 -2.86563474391786E-05 0.00379002071940052 0.00265945413153904
6.53999999999991 -0.0010989733272093 -2.84366833559398E-05 0.00376097998970927 0.00263356997914404
6.5499999999999 -0.00109604525252091 -2.82187316068883E-05 0.00373216549120938 0.00260790150708158
6.5599999999999 -0.00109312598146921 -2.80024784772143E-05 0.00370357541384057 0.00258244695389415
6.5699999999999 -0.00109021547937042 -2.77879103667069E-05 0.00367520796264217 0.00255720457290504
6.5799999999999 -0.00108731371174325 -2.75750137887349E-05 0.00364706135761906 0.00253217263208707
6.5899999999999 -0.00108442064430721 -2.73637753692373E-05 0.00361913383360898 0.00250734941393254
6.5999999999999 -0.00108153624298097 -2.71541818457229E-05 0.00359142364015114 0.00248273321532444
6.6099999999999 -0.00107866047388076 -2.69462200662807E-05 0.00356392904135599 0.00245832234740895
6.6199999999999 -0.00107579330331871 -2.67398769885991E-05 0.0035366483157764 0.00243411513546909
6.6299999999999 -0.00107293469780127 -2.65351396789945E-05 0.00350957975627992 0.00241010991879965
6.6399999999999 -0.00107008462402766 -2.63319953114501E-05 0.00348272166992236 0.00238630505058325
6.6499999999999 -0.00106724304888825 -2.61304311666626E-05 0.0034560723778226 0.00236269889776769
6.6599999999999 -0.00106440993946307 -2.59304346310996E-05 0.00342963021503852 0.00233928984094436
6.6699999999999 -0.00106158526302023 -2.57319931960647E-05 0.00340339353044419 0.0023160762742279
6.6799999999999 -0.00105876898701442 -2.55350944567727E-05 0.00337736068660818 0.00229305660513698
6.6899999999999 -0.00105596107908543 -2.53397261114325E-05 0.00335153005967307 0.00227022925447621
6.6999999999999 -0.00105316150705662 -0.00002514587596034 0.00332590003923613 0.00224759265621917
6.7099999999999 -0.00105037023893347 -2.49535319049789E-05 0.00330046902823106 0.00222514525739261
6.7199999999999 -0.00104758724290216 -2.47626819471301E-05 0.00327523544281094 0.00220288551796165
6.7299999999999 -0.00104481248732804 -2.45733141879901E-05 0.00325019771223225 0.00218081191071622
6.7399999999999 -0.00104204594075428 -2.43854168272973E-05 0.00322535427873998 0.0021589229211584
6.7499999999999 -0.00103928757190043 -2.41989781624668E-05 0.00320070359745388 0.00213721704739098
6.7599999999999 -0.00103653734966102 -2.40139865877337E-05 0.00317624413625577 0.00211569280000702
6.7699999999999 -0.00103379524310415 -2.38304305933041E-05 0.00315197437567787 0.00209434870198042
6.7799999999999 -0.00103106122147017 -2.36482987645143E-05 0.00312789280879226 0.00207318328855758
6.7899999999999 -0.00102833525417027 -2.34675797809985E-05 0.00310399794110134 0.00205219510715008
6.7999999999999 -0.00102561731078517 -2.32882624158633E-05 0.00308028829042936 0.00203138271722833
6.8099999999999 -0.00102290736106379 -0.000023110335534871 0.00305676238681492 0.00201074469021627
6.8199999999999 -0.00102020537492187 -2.29337880956306E-05 0.00303341877240454 0.00199027960938703
6.8299999999999 -0.00101751132244077 -2.27586091467955E-05 0.00301025600134719 0.00196998606975963
6.8399999999999 -0.00101482517386607 -2.25847878272697E-05 0.00298727263968987 0.00194986267799653
6.8499999999999 -0.00101214689960637 -2.24123133654215E-05 0.00296446726527409 0.00192990805230229
6.8599999999999 -0.00100947647023198 -2.22411750783035E-05 0.00294183846763339 0.0019101208223231
6.8699999999999 -0.00100681385647368 -2.20713623708818E-05 0.00291938484789179 0.00189049962904723
6.8799999999999 -0.00100415902922146 -2.19028647352706E-05 0.00289710501866323 0.0018710431247065
6.8899999999999 -0.00100151195952332 -2.17356717499749E-05 0.00287499760395186 0.00185174997267857
6.8999999999999 -0.000998872618584018 -2.15697730791406E-05 0.00285306123905341 0.00183261884739025
6.9099999999999 -0.000996240977763899 -2.14051584718108E-05 0.00283129457045732 0.00181364843422161
6.9199999999999 -0.000993617008577664 -2.12418177611897E-05 0.00280969625574991 0.00179483742941105
6.9299999999999 -0.00099100068269321 -0.000021079740863913 0.00278826496351838 0.00177618453996126
6.9399999999999 -0.000988391971930445 -2.09189177793258E-05 0.00276699937325576 0.00175768848354599
6.9499999999999 -0.000985790848260137 -0.000020759338588766 0.00274589817526668 0.00173934798841778
6.9599999999999 -0.000983197283802759 -2.06009934548558E-05 0.0027249600705741 0.00172116179331649
6.9699999999999 -0.000980611250827351 -2.04438726207988E-05 0.00270418377082681 0.00170312864737866
6.9799999999999 -0.000978032721750392 -0.000020287966409684 0.00268356799820786 0.00168524731004778
6.9899999999999 -0.000975461669134687 -2.01332652237963E-05 0.00266311148534383 0.00166751655098535
6.9999999999999 -0.000972898065688256 -1.99797595439337E-05 0.00264281297521493 0.00164993514998274
7.00999999999989 -0.000970341884263243 -1.98274399287298E-05 0.00262267122106591 0.00163250189687394
7.01999999999989 -0.000967793097854826 -1.96762970139842E-05 0.00260268498631783 0.00161521559144902
7.02999999999989 -0.000965251679600147 -1.95263215119975E-05 0.00258285304448065 0.00159807504336851
7.03999999999989 -0.000962717602777246 -1.93775042109135E-05 0.00256317417906658 0.00158107907207842
7.04999999999989 -0.000960190840804006 -0.000019229835974067 0.00254364718350429 0.00156422650672621
7.05999999999989 -0.000957671367237109 -0.000019083307739338 0.00252427086105384 0.00154751618607739
7.06999999999989 -0.000955159155771001 -1.89379105185115E-05 0.00250504402472248 0.00153094695843297
7.07999999999989 -0.000952654180236871 -1.87936353966435E-05 0.00248596549718117 0.00151451768154766
7.08999999999989 -0.00095015641460163 -1.86504735314326E-05 0.00246703411068184 0.00149822722254878
7.09999999999989 -0.000947665832966911 -1.85084161525974E-05 0.00244824870697549 0.00148207445785598
7.10999999999989 -0.00094518240956807 -0.00001836745456126 0.00242960813723098 0.00146605827310165
7.11999999999989 -0.000942706118773201 -1.82275801293347E-05 0.00241111126195458 0.00145017756305205
7.12999999999989 -0.000940236935082157 -1.80887842989227E-05 0.00239275695091029 0.00143443123152921
7.13999999999989 -0.000937774833125585 -1.79510585817118E-05 0.0023745440830408 0.0014188181913335
7.14999999999989 -0.000935319787663962 -1.78143945583824E-05 0.0023564715463893 0.00140333736416696
7.15999999999989 -0.000932871773586651 -1.76787838780184E-05 0.0023385382380219 0.00138798768055723
7.16999999999989 -0.000930430765910953 -1.75442182575233E-05 0.00232074306395081 0.00137276807978233
7.17999999999989 -0.000927996739781182 -1.74106894810426E-05 0.00230308493905817 0.00135767750979595
7.18999999999989 -0.000925569670467733 -1.72781893993902E-05 0.00228556278702069 0.00134271492715357
7.19999999999989 -0.000923149533366173 -1.71467099294808E-05 0.00226817554023481 0.00132787929693915
7.20999999999989 -0.000920736303996332 -1.70162430537677E-05 0.00225092213974268 0.00131316959269258
7.21999999999989 -0.000918329958001403 -1.68867808196851E-05 0.00223380153515874 0.00129858479633766
7.22999999999989 -0.000915930471147055 -1.67583153390958E-05 0.00221681268459702 0.00128412389811087
7.23999999999989 -0.000913537819320549 -1.66308387877436E-05 0.00219995455459902 0.00126978589649072
7.24999999999989 -0.000911151978529864 -1.65043434047116E-05 0.00218322612006231 0.00125556979812774
7.25999999999989 -0.000908772924902832 -1.63788214918842E-05 0.00216662636416979 0.00124147461777507
7.26999999999989 -0.000906400634686279 -1.62542654134147E-05 0.00215015427831951 0.00122749937821981
7.27999999999989 -0.000904035084245179 -1.61306675951979E-05 0.0021338088620552 0.00121364311021483
7.28999999999989 -0.000901676250061805 -1.60080205243465E-05 0.00211758912299741 0.00119990485241126
7.29999999999989 -0.000899324108734901 -1.58863167486737E-05 0.00210149407677525 0.00118628365129167
7.30999999999989 -0.000896978636978849 -1.57655488761792E-05 0.00208552274695874 0.00117277856110371
7.31999999999989 -0.000894639811622856 -1.56457095745403E-05 0.00206967416499183 0.00115938864379443
7.32999999999989 -0.000892307609610137 -1.55267915706078E-05 0.00205394737012596 0.00114611296894521
7.33999999999989 -0.000889982007997112 -1.54087876499063E-05 0.00203834140935423 0.00113295061370722
7.34999999999989 -0.000887662983952609 -0.000015291690656139 0.00202285533734622 0.00111990066273747
7.35999999999989 -0.000885350514757075 -1.51754934906966E-05 0.00200748821638326 0.00110696220813549
7.36999999999989 -0.00088304457780179 -1.50601891121715E-05 0.00199223911629448 0.00109413434938052
7.37999999999989 -0.000880745150588092 -1.49457705358754E-05 0.00197710711439322 0.00108141619326925
7.38999999999989 -0.000878452210726611 -1.48322308333617E-05 0.00196209129541419 0.00106880685385422
7.39999999999989 -0.000876165735936503 -1.47195631319526E-05 0.00194719075145108 0.00105630545238262
7.40999999999989 -0.000873885704044697 -1.46077606142694E-05 0.00193240458189475 0.00104391111723579
7.41999999999989 -0.000871612092985146 -0.000014496816517768 0.00191773189337204 0.00103162298386913
7.42999999999989 -0.000869344880798085 -1.43867241342779E-05 0.00190317179968502 0.00101944019475265
7.43999999999989 -0.000867084045629295 -0.000014277476809546 0.00188872342175085 0.00100736189931201
7.44999999999989 -0.000864829565729379 -1.41690679427835E-05 0.0018743858875422 0.000995387253870036
7.45999999999989 -0.00086258141945303 -0.000014061490986218 0.00186015833202811 0.00098351542158886
7.46999999999989 -0.000860339585258328 -1.39547394446486E-05 0.00184603989711546 0.000971745572412487
7.47999999999988 -0.000858104041706019 -1.38488068750057E-05 0.00183202973159095 0.00096007688300992
7.48999999999988 -0.000855874767458821 -1.37436868859141E-05 0.00181812699106351 0.000948508536718777
7.49999999999988 -0.000853651741280721 -1.36393731372606E-05 0.00180433083790739 0.000937039723489406
7.50999999999988 -0.000851434942036286 -1.35358593397651E-05 0.00179064044120555 0.000925669639829501
7.51999999999988 -0.00084922434868998 -1.34331392545553E-05 0.00177705497669375 0.000914397488749215
7.52999999999988 -0.000847019940305484 -1.33312066927459E-05 0.00176357362670497 0.000903222479706744
7.53999999999988 -0.000844821696045023 -1.32300555150207E-05 0.00175019558011445 0.00089214382855441
7.54999999999988 -0.000842629595168699 -1.31296796312189E-05 0.00173692003228513 0.00088116075748521
7.55999999999988 -0.000840443617033833 -1.30300729999253E-05 0.0017237461850136 0.000870272494979844
7.56999999999988 -0.000838263741094306 -1.29312296280633E-05 0.00171067324647658 0.000859478275754209
7.57999999999988 -0.00083608994689991 -1.28331435704922E-05 0.00169770043117776 0.000848777340707356
7.58999999999988 -0.000833922214095707 -0.000012735808929608 0.00168482695989522 0.000838168936869909
7.59999999999988 -0.00083176052242139 -1.26392198549474E-05 0.00167205205962928 0.000827652317352939
7.60999999999988 -0.000829604851710647 -1.25433705427956E-05 0.00165937496355073 0.000817226741297285
7.61999999999988 -0.000827455181890539 -1.24482552357975E-05 0.00164679491094966 0.000806891473823325
7.62999999999988 -0.000825311492980873 -1.23538682225722E-05 0.00163431114718463 0.000796645785981189
7.63999999999988 -0.00082317376509359 -1.22602038373308E-05 0.00162192292363233 0.000786488954701406
7.64999999999988 -0.000821041978432152 -1.21672564594982E-05 0.00160962949763764 0.000776420262745994
7.65999999999988 -0.000818916113290936 -1.20750205133374E-05 0.00159743013246424 0.000766438998659966
7.66999999999988 -0.000816796150054634 -1.19834904675775E-05 0.00158532409724549 0.000756544456723277
7.67999999999988 -0.000814682069197659 -1.18926608350453E-05 0.00157331066693588 0.000746735936903179
7.68999999999988 -0.00081257385128355 -1.18025261722994E-05 0.00156138912226285 0.000737012744806999
7.69999999999988 -0.000810471476964392 -0.000011713081079268 0.001549558749679 0.000727374191635339
7.70999999999988 -0.000808374926980234 -1.16243201988899E-05 0.00153781884131479 0.000717819594135667
7.71999999999988 -0.000806284182158512 -1.15362382167585E-05 0.0015261686949316 0.000708348274556332
7.72999999999988 -0.000804199223413481 -1.14488298607686E-05 0.00151460761387522 0.000698959560600974
7.73999999999988 -0.000802120031745649 -1.13620899007672E-05 0.00150313490702974 0.000689652785383326
7.74999999999988 -0.000800046588241214 -1.12760131482065E-05 0.00149174988877184 0.000680427287382421
7.75999999999988 -0.00079797887407151 -1.11905944557999E-05 0.0014804518789255 0.000671282410398187
7.76999999999988 -0.000795916870492458 -1.11058287171819E-05 0.00146924020271706 0.00066221750350742
7.77999999999988 -0.000793860558844012 -1.10217108665701E-05 0.00145811419073074 0.000653231921020157
7.78999999999988 -0.000791809920549627 -1.09382358784304E-05 0.00144707317886447 0.000644325022436415
7.79999999999988 -0.000789764937115713 -1.08553987671451E-05 0.00143611650828617 0.000635496172403307
7.80999999999988 -0.000787725590131107 -1.07731945866843E-05 0.00142524352539034 0.000626744740672546
7.81999999999988 -0.000785691861266541 -1.06916184302793E-05 0.00141445358175512 0.000618070102058297
7.82999999999988 -0.000783663732274123 -1.06106654300999E-05 0.00140374603409963 0.000609471636395407
7.83999999999988 -0.000781641184986813 -1.05303307569332E-05 0.00139312024424175 0.000600948728498001
7.84999999999988 -0.000779624201317907 -1.04506096198669E-05 0.0013825755790562 0.000592500768118425
7.85999999999988 -0.000777612763260532 -1.03714972659737E-05 0.00137211141043306 0.000584127149906557
7.86999999999988 -0.000775606852887133 -0.000010292988979999 0.00136172711523659 0.00057582727336946
7.87999999999988 -0.000773606452348972 -1.02150800840522E-05 0.00135142207526441 0.00056760054283139
7.88999999999988 -0.000771611543875634 -1.01377659372992E-05 0.00134119567720709 0.000559446367394153
7.89999999999988 -0.000769622109774527 -1.00610419356586E-05 0.00133104731260798 0.000551364160897793
7.90999999999988 -0.000767638132430393 -0.0000099849035115 0.00132097637782353 0.000543353341881634
7.91999999999988 -0.000765659594304827 -9.90934613334534E-06 0.00131098227398382 0.000535413333545646
7.92999999999988 -0.000763686477935787 -9.8343653055724E-06 0.00130106440695352 0.000527543563712156
7.93999999999988 -0.000761718765937124 -9.75995656812111E-06 0.00129122218729312 0.000519743464787874
7.94999999999987 -0.0007597564409981 -9.68611549620234E-06 0.00128145503022056 0.000512012473726262
7.95999999999987 -0.000757799485882926 -9.61283770000918E-06 0.00127176235557315 0.000504350031990216
7.96999999999987 -0.000755847883430288 -9.54011882443067E-06 0.00126214358776979 0.000496755585515075
7.97999999999987 -0.00075390161655289 -9.46795454876815E-06 0.0012525981557736 0.000489228584671945
7.98999999999987 -0.00075196066823699 -9.39634058645382E-06 0.00124312549305478 0.00048176848423134
7.99999999999987 -0.000750025021541952 -9.32527268477193E-06 0.00123372503755386 0.000474374743327132
8.00999999999987 -0.000748094659599789 -9.25474662458226E-06 0.00122439623164519 0.00046704682542082
8.01999999999987 -0.000746169565614715 -9.18475822004597E-06 0.00121513852210085 0.000459784198266089
8.02999999999987 -0.000744249722862706 -9.11530331835387E-06 0.00120595136005475 0.000452586333873688
8.03999999999987 -0.000742335114691055 -9.04637779945694E-06 0.00119683420096712 0.000445452708476605
8.04999999999987 -0.000740425724517938 -8.97797757579923E-06 0.00118778650458927 0.000438382802495531
8.05999999999987 -0.000738521535831977 -8.91009859205301E-06 0.00117880773492867 0.000431376100504638
8.06999999999987 -0.000736622532191815 -8.8427368248562E-06 0.0011698973602143 0.000424432091197628
8.07999999999987 -0.000734728697225686 -8.77588828255204E-06 0.00116105485286233 0.00041755026735409
8.08999999999987 -0.000732840014630995 -8.70954900493097E-06 0.00115227968944206 0.000410730125806134
8.09999999999987 -0.000730956468173895 -8.64371506297478E-06 0.00114357135064218 0.000403971167405313
8.10999999999987 -0.000729078041688874 -8.57838255860287E-06 0.00113492932123731 0.000397272896989831
8.11999999999987 -0.00072720471907834 -8.51354762442071E-06 0.00112635309005478 0.000390634823352023
8.12999999999987 -0.000725336484312212 -8.44920642347049E-06 0.0011178421499418 0.000384056459206118
8.13999999999987 -0.000723473321427516 -8.38535514898377E-06 0.00110939599773277 0.000377537321156275
8.14999999999987 -0.000721615214527978 -8.32199002413635E-06 0.00110101413421701 0.000371076929664891
8.15999999999987 -0.000719762147783628 -8.25910730180526E-06 0.00109269606410661 0.000364674809021176
8.16999999999987 -0.000717914105430401 -8.19670326432764E-06 0.00108444129600473 0.00035833048731
8.17999999999987 -0.000716071071769744 -8.13477422326189E-06 0.00107624934237401 0.000352043496381005
8.18999999999987 -0.000714233031168226 -8.07331651915067E-06 0.00106811971950535 0.000345813371817969
8.19999999999987 -0.000712399968057152 -8.01232652128603E-06 0.00106005194748688 0.000339639652908445
8.20999999999987 -0.000710571866932175 -7.95180062747647E-06 0.0010520455501733 0.000333521882613651
8.21999999999987 -0.00070874871235292 -7.89173526381602E-06 0.00104410005515534 0.000327459607538605
8.22999999999987 -0.0007069304889426 -7.83212688445525E-06 0.00103621499372959 0.000321452377902533
8.23999999999987 -0.000705117181387646 -7.77297197137422E-06 0.00102838990086854 0.000315499747509516
8.24999999999987 -0.000703308774437332 -7.71426703415738E-06 0.00102062431519087 0.000309601273719379
8.25999999999987 -0.000701505252903407 -7.65600860977036E-06 0.00101291777893202 0.000303756517418846
8.26999999999987 -0.000699706601659728 -7.5981932623386E-06 0.00100526983791498 0.000297965042992912
8.27999999999987 -0.000697912805641893 -7.54081758292798E-06 0.000997680041521308 0.000292226418296487
8.28999999999987 -0.000696123849846888 -7.48387818932716E-06 0.000990147942662473 0.000286540214626257
8.29999999999987 -0.000694339719332723 -7.42737172583185E-06 0.000982673097751342 0.000280906006692788
8.30999999999987 -0.000692560399218076 -7.37129486303086E-06 0.00097525506667398 0.000275323372592872
8.31999999999987 -0.000690785874681947 -7.31564429759399E-06 0.00096789341276164 0.000269791893782099
8.32999999999987 -0.000689016130963301 -7.26041675206167E-06 0.000960587702763025 0.000264311155047663
8.33999999999987 -0.000687251153360726 -7.20560897463638E-06 0.000953337506816758 0.000258880744481395
8.34999999999987 -0.000685490927232088 -7.15121773897589E-06 0.000946142398424092 0.000253500253453029
8.35999999999987 -0.000683735437994186 -7.09723984398813E-06 0.000939001954421857 0.000248169276583683
8.36999999999987 -0.000681984671122417 -7.04367211362786E-06 0.00093191575495562 0.000242887411719575
8.37999999999987 -0.000680238612150438 -6.99051139669506E-06 0.000924883383453081 0.000237654259905948
8.38999999999987 -0.000678497246669833 -6.93775456663499E-06 0.00091790442659769 0.000232469425361222
8.39999999999987 -0.000676760560329779 -6.88539852133988E-06 0.00091097847430248 0.000227332515451361
8.40999999999987 -0.000675028538836722 -6.8334401829524E-06 0.000904105119684129 0.000222243140664455
8.41999999999986 -0.000673301167954045 -6.78187649767066E-06 0.000897283959037229 0.000217200914585513
8.42999999999986 -0.000671578433501751 -6.73070443555493E-06 0.000890514591808778 0.000212205453871472
8.43999999999986 -0.000669860321356135 -6.67992099033596E-06 0.000883796620572883 0.000207256378226412
8.44999999999986 -0.000668146817449471 -6.62952317922486E-06 0.000877129651005673 0.000202353310376977
8.45999999999986 -0.000666437907769691 -6.57950804272464E-06 0.000870513291860423 0.000197495876048008
8.46999999999986 -0.000664733578360074 -6.52987264444327E-06 0.000863947154942889 0.000192683703938372
8.47999999999986 -0.000663033815318933 -6.48061407090837E-06 0.000857430855086843 0.000187916425697002
8.48999999999986 -0.000661338604799308 -6.43172943138336E-06 0.000850964010129817 0.000183193675899126
8.49999999999986 -0.000659647933008654 -6.38321585768523E-06 0.000844546240889047 0.000178515092022708
8.50999999999986 -0.000657961786208542 -6.33507050400378E-06 0.000838177171137618 0.000173880314425072
8.51999999999986 -0.000656280150714355 -6.2872905467224E-06 0.000831856427580811 0.000169288986319734
8.52999999999986 -0.000654603012894984 -6.23987318424033E-06 0.00082558363983264 0.000164740753753416
8.53999999999986 -0.000652930359172539 -6.19281563679639E-06 0.000819358440392593 0.000160235265583258
8.54999999999986 -0.000651262176022042 -6.14611514629422E-06 0.000813180464622558 0.000155772173454222
8.55999999999986 -0.000649598449971143 -6.09976897612891E-06 0.000807049350723948 0.000151351131776676
8.56999999999986 -0.000647939167599826 -6.05377441101518E-06 0.000800964739715014 0.000146971797704172
8.57999999999986 -0.000646284315540118 -6.00812875681684E-06 0.000794926275408343 0.000142633831111408
8.58999999999986 -0.000644633880475805 -5.96282934037782E-06 0.00078893360438855 0.000138336894572367
8.59999999999986 -0.000642987849142143 -5.9178735093545E-06 0.000782986375990146 0.000134080653338648
8.60999999999986 -0.000641346208325582 -5.87325863204951E-06 0.000777084242275598 0.000129864775317966
8.61999999999986 -0.000639708944863481 -5.82898209724681E-06 0.000771226858013569 0.000125688931052841
8.62999999999986 -0.000638076045643828 -5.78504131404828E-06 0.000765413880657333 0.000121552793699456
8.63999999999986 -0.000636447497604969 -5.74143371171149E-06 0.000759644970323377 0.000117456039006696
8.64999999999986 -0.00063482328773533 -5.69815673948903E-06 0.000753919789770173 0.000113398345295353
8.65999999999986 -0.000633203403073145 -5.65520786646893E-06 0.000748238004377131 0.000109379393437518
8.66999999999986 -0.000631587830706185 -5.61258458141664E-06 0.000742599282123726 0.000105398866836124
8.67999999999986 -0.000629976557771493 -5.57028439261813E-06 0.000737003293568788 0.000101456451404677
8.68999999999986 -0.000628369571455114 -5.5283048277244E-06 0.000731449711829982 9.75518355471432E-05
8.69999999999986 -0.000626766858991833 -5.48664343359722E-06 0.000725938212563436 0.000093684710138006
8.70999999999986 -0.00062516840766491 -5.44529777615619E-06 0.000720468473943557 8.98547685024899E-05
8.71999999999986 -0.000623574204805823 -5.40426544022703E-06 0.000715040176642995 8.60617063969446E-05
8.72999999999986 -0.000621984237794005 -5.36354402939113E-06 0.00070965300381279 8.23052219893947E-05
8.73999999999986 -0.00062039849405659 -5.32313116583638E-06 0.000704306641062672 7.85850158402463E-05
8.74999999999986 -0.000618816961068159 -5.28302449020913E-06 0.000699000776441522 7.49007908831544E-05
8.75999999999986 -0.000617239626350484 -5.24322166146753E-06 0.000693735100418003 7.12522524060515E-05
8.76999999999986 -0.000615666477472279 -5.20372035673593E-06 0.000688509305861342 6.76391080323268E-05
8.77999999999986 -0.000614097502048949 -5.16451827116055E-06 0.000683323088022275 6.40610677021654E-05
8.78999999999986 -0.000612532687742344 -5.12561311776635E-06 0.000678176144514149 0.000060517843654038
8.79999999999986 -0.000610972022260511 -5.08700262731504E-06 0.000673068175294173 5.70091504063469E-05
8.80999999999986 -0.000609415493357452 -5.0486845481643E-06 0.000667998882644834 5.35347047392182E-05
8.81999999999986 -0.00060786308883288 -5.01065664612811E-06 0.000662967971155456 5.00942256764478E-05
8.82999999999986 -0.000606314796531981 -4.97291670433826E-06 0.000657975147703915 0.000046687434467596
8.83999999999986 -0.000604770604345171 -4.93546252310703E-06 0.000653020121438503 4.33140545702249E-05
8.84999999999986 -0.000603230500207862 -4.89829191979091E-06 0.000648102603759941 3.99738116322887E-05
8.85999999999986 -0.000601694472100226 -4.86140272865554E-06 0.000643222308303544 3.66664334746623E-05
8.86999999999986 -0.00060016250804696 -4.82479280074168E-06 0.000638378950921519 3.33916500738167E-05
8.87999999999986 -0.000598634596117057 -4.78846000373231E-06 0.000633572249665426 3.01491935446366E-05
8.88999999999985 -0.000597110724423569 -4.75240222182086E-06 0.000628801924768769 2.69387981233791E-05
8.89999999999985 -0.000595590881123386 -4.71661735558043E-06 0.000624067698629737 0.00002376020015077
8.90999999999985 -0.000594075054417004 -4.68110332183416E-06 0.000619369295794079 2.06131380552412E-05
8.91999999999985 -0.000592563232548299 -4.64585805352666E-06 0.000614706442938131 1.74973523363053E-05
8.92999999999985 -0.000591055403804305 -4.61087949959641E-06 0.000610078868851966 1.44125855480646E-05
8.93999999999985 -0.000589551556514993 -4.57616562484932E-06 0.000605486304422699 1.13585822828564E-05
8.94999999999985 -0.000588051679053044 -4.54171440983324E-06 0.000600928482617912 8.3350891550341E-06
8.95999999999985 -0.000586555759833638 -4.50752385071354E-06 0.000596405138469227 5.34185478487587E-06
8.96999999999985 -0.000585063787314228 -4.47359195914965E-06 0.000591916009056009 2.37862978263168E-06
8.97999999999985 -0.000583575749994329 -4.43991676217273E-06 0.000587460833489196 -5.54833267305791E-07
8.98999999999985 -0.000582091636415301 -4.40649630206417E-06 0.00058303935289527 -3.4587798220957E-06
8.99999999999985 -0.000580611435160139 -4.37332863623523E-06 0.000578651310400356 -6.33345339601829E-06
9.00999999999985 -0.000579135134853255 -4.34041183710761E-06 0.000574296451114446 -9.17909557591621E-06
9.01999999999985 -0.000577662724160273 -4.30774399199494E-06 0.000569974522115759 -1.19959460365088E-05
9.02999999999985 -0.000576194191787818 -4.27532320298532E-06 0.000565685272435221 -1.47842425555828E-05
9.03999999999985 -0.00057472952648331 -4.24314758682479E-06 0.000561428453041075 -1.75442210290595E-05
9.04999999999985 -0.000573268717034755 -4.21121527480171E-06 0.000557203816823621 -2.02761154859354E-05
9.05999999999985 -0.000571811752270543 -4.17952441263214E-06 0.000553011118580068 -2.29801581031073E-05
9.06999999999985 -0.000570358621059245 -4.14807316034612E-06 0.000548850114999521 -2.56565792200698E-05
9.07999999999985 -0.00056890931230941 -4.1168596921749E-06 0.000544720564648087 -2.83056073534983E-05
9.08999999999985 -0.000567463814969366 -4.08588219643901E-06 0.000540622227954094 -3.09274692117103E-05
9.09999999999985 -0.000566022118027017 -4.0551388754374E-06 0.000536554867193444 -0.000033522389709011
9.10999999999985 -0.000564584210509652 -4.02462794533727E-06 0.000532518246475071 -0.000036090591979919
9.11999999999985 -0.000563150081483745 -3.99434763606502E-06 0.000528512131726528 -3.86322973932815E-05
9.12999999999985 -0.000561719720054756 -3.96429619119785E-06 0.000524536290679685 -4.11477255662688E-05
9.13999999999985 -0.000560293115366946 -3.93447186785649E-06 0.000520590492856544 -4.36370943782588E-05
9.14999999999985 -0.00055887025660318 -3.90487293659856E-06 0.00051667450955517 -4.61006199846089E-05
9.15999999999985 -0.000557451132984734 -3.87549768131301E-06 0.000512788113835733 -0.000048538516830314
9.16999999999985 -0.000556035733771108 -3.84634439911522E-06 0.00050893108050667 -5.09509976635536E-05
9.17999999999985 -0.000554624048259841 -3.81741140024311E-06 0.000505103186110951 -5.33382735491325E-05
9.18999999999985 -0.000553216065786314 -3.78869700795401E-06 0.000501304208912461 -5.57005538818066E-05
9.19999999999985 -0.000551811775723576 -3.76019955842238E-06 0.00049753392888249 -5.80380463995079E-05
9.20999999999985 -0.00055041116748215 -3.73191740063835E-06 0.000493792127686335 -6.03509571964535E-05
9.21999999999985 -0.000549014230509855 -3.70384889630711E-06 0.000490078588670005 -6.26394907361571E-05
9.22999999999985 -0.00054762095429162 -3.67599241974908E-06 0.000486393096847041 -0.000064903849864329
9.23999999999985 -0.000546231328349309 -3.64834635780092E-06 0.000482735438885435 -6.71442358216754E-05
9.24999999999985 -0.000544845342241535 -3.62090910971732E-06 0.000479105403094662 -6.93608482565908E-05
9.25999999999985 -0.000543462985563484 -3.59367908707356E-06 0.000475502779412808 -7.15538852377497E-05
9.26999999999985 -0.000542084247946738 -3.56665471366894E-06 0.000471927359393809 -7.37235432665972E-05
9.27999999999985 -0.000540709119059098 -3.53983442543087E-06 0.000468378936194793 -7.58700172897361E-05
9.28999999999985 -0.000539337588604412 -3.51321667031986E-06 0.000464857304563516 -7.79935007112161E-05
9.29999999999985 -0.000537969646322397 -3.48679990823517E-06 0.00046136226082591 -8.00941854047221E-05
9.30999999999985 -0.000536605281988469 -3.46058261092128E-06 0.000457893602873725 -8.21722617256654E-05
9.31999999999985 -0.000535244485413569 -3.43456326187513E-06 0.000454451130152268 -8.42279185231759E-05
9.32999999999985 -0.000533887246443996 -3.40874035625403E-06 0.000451034643648252 -8.62613431519986E-05
9.33999999999985 -0.000532533554961238 -3.38311240078441E-06 0.000447643945877728 -8.82727214842938E-05
9.34999999999985 -0.000531183400881797 -3.35767791367121E-06 0.000444278840874127 -9.02622379213417E-05
9.35999999999984 -0.000529836774157033 -3.33243542450807E-06 0.000440939134176389 -9.22300754051521E-05
9.36999999999984 -0.000528493664772988 -3.30738347418825E-06 0.000437624632817194 -9.41764154299827E-05
9.37999999999984 -0.000527154062750226 -3.28252061481616E-06 0.000434335145311281 -9.61014380537616E-05
9.38999999999984 -0.000525817958143671 -3.25784540961975E-06 0.000431070481643869 -9.80053219094216E-05
9.39999999999984 -0.000524485341042439 -3.2333564328635E-06 0.000427830453259166 -9.98882442161367E-05
9.40999999999984 -0.000523156201569681 -3.20905226976214E-06 0.000424614873048966 -0.000101750380790477
9.41999999999984 -0.00052183052988242 -3.18493151639508E-06 0.00042142355534135 -0.000103591906057465
9.42999999999984 -0.000520508316171393 -3.16099277962148E-06 0.000418256315889462 -0.000105412993061552
9.43999999999984 -0.000519189550660892 -3.13723467699608E-06 0.000415112971860393 -0.000107213813477495
9.44999999999984 -0.000517874223608605 -3.11365583668564E-06 0.000411993341824134 -0.000108994537621156
9.45999999999984 -0.000516562325305462 -3.09025489738605E-06 0.000408897245742636 -0.000110755334460212
9.46999999999984 -0.000515253846075479 -3.06703050824017E-06 0.000405824504958945 -0.000112496371624775
9.47999999999984 -0.000513948776275603 -3.04398132875622E-06 0.000402774942186429 -0.00011421781541793
9.48999999999984 -0.000512647106295557 -3.02110602872697E-06 0.000399748381498095 -0.000115919830826189
9.49999999999984 -0.000511348826557692 -2.99840328814944E-06 0.000396744648315982 -0.000117602581529859
9.50999999999984 -0.000510053927516832 -2.97587179714531E-06 0.000393763569400649 -0.000119266229913328
9.51999999999984 -0.000508762399660122 -2.95351025588196E-06 0.000390804972840737 -0.000120910937075267
9.52999999999984 -0.000507474233506885 -2.93131737449414E-06 0.000387868688042625 -0.000122536862838754
9.53999999999984 -0.000506189419608466 -2.9092918730063E-06 0.000384954545720164 -0.000124144165761309
9.54999999999984 -0.000504907948548091 -2.88743248125544E-06 0.000382062377884487 -0.000125733003144859
9.55999999999984 -0.000503629810940713 -2.86573793881469E-06 0.000379192017833911 -0.000127303531045617
9.56999999999984 -0.000502354997432875 -2.84420699491746E-06 0.000376343300143916 -0.000128855904283876
9.57999999999984 -0.000501083498702557 -2.82283840838217E-06 0.000373516060657197 -0.000130390276453743
9.58999999999984 -0.000499815305459038 -2.80163094753763E-06 0.000370710136473806 -0.00013190679993277
9.59999999999984 -0.000498550408442749 -2.78058339014896E-06 0.000367925365941367 -0.000133405625891531
9.60999999999984 -0.000497288798425134 -2.75969452334414E-06 0.000365161588645369 -0.000134886904303109
9.61999999999984 -0.000496030466208508 -2.73896314354117E-06 0.00036241864539954 -0.00013635078395251
9.62999999999984 -0.000494775402625914 -2.71838805637573E-06 0.000359696378236289 -0.000137797412446001
9.63999999999984 -0.000493523598540989 -2.69796807662952E-06 0.000356994630397239 -0.000139226936220379
9.64999999999984 -0.000492275044847819 -2.67770202815905E-06 0.000354313246323821 -0.000140639500552158
9.65999999999984 -0.000491029732470807 -2.65758874382513E-06 0.000351652071647948 -0.000142035249566685
9.66999999999984 -0.000489787652364534 -2.63762706542283E-06 0.000349010953182768 -0.000143414326247189
9.67999999999984 -0.000488548795513622 -2.61781584361203E-06 0.000346389738913486 -0.000144776872443748
9.68999999999984 -0.000487313152932601 -2.59815393784852E-06 0.000343788277988256 -0.000146123028882194
9.69999999999984 -0.000486080715665772 -2.57864021631562E-06 0.000341206420709151 -0.000147452935172936
9.70999999999984 -0.000484851474787076 -2.55927355585645E-06 0.000338644018523207 -0.000148766729819726
9.71999999999984 -0.000483625421399963 -2.54005284190656E-06 0.000336100924013526 -0.000150064550228343
9.72999999999984 -0.000482402546637254 -2.52097696842728E-06 0.000333576990890466 -0.000151346532715215
9.73999999999984 -0.000481182841661017 -2.50204483783946E-06 0.000331072073982888 -0.000152612812515968
9.74999999999984 -0.000479966297662433 -2.48325536095785E-06 0.000328586029229479 -0.000153863523793912
9.75999999999984 -0.000478752905861667 -2.46460745692589E-06 0.000326118713670141 -0.000155098799648452
9.76999999999984 -0.000477542657507742 -2.44610005315112E-06 0.000323669985437452 -0.00015631877212344
9.77999999999984 -0.000476335543878406 -2.42773208524101E-06 0.000321239703748192 -0.000157523572215455
9.78999999999984 -0.000475131556280012 -2.4095024969394E-06 0.000318827728894934 -0.000158713329882017
9.79999999999984 -0.000473930686047386 -2.39141024006337E-06 0.000316433922237709 -0.000159888174049741
9.80999999999984 -0.000472732924543704 -2.37345427444061E-06 0.000314058146195727 -0.000161048232622418
9.81999999999984 -0.000471538263160369 -2.35563356784734E-06 0.000311700264239176 -0.00016219363248904
9.82999999999983 -0.000470346693316882 -2.33794709594668E-06 0.000309360140881072 -0.000163324499531757
9.83999999999983 -0.000469158206460725 -2.32039384222752E-06 0.000307037641669186 -0.000164440958633767
9.84999999999983 -0.000467972794067236 -2.30297279794389E-06 0.000304732633178028 -0.000165543133687152
9.85999999999983 -0.000466790447639484 -2.28568296205478E-06 0.000302444983000895 -0.000166631147600644
9.86999999999983 -0.000465611158708156 -2.26852334116445E-06 0.000300174559741986 -0.000167705122307334
9.87999999999983 -0.000464434918831427 -2.25149294946324E-06 0.000297921233008574 -0.000168765178772316
9.88999999999983 -0.000463261719594851 -2.2345908086688E-06 0.000295684873403243 -0.000169811437000276
9.89999999999983 -0.000462091552611232 -2.21781594796782E-06 0.000293465352516188 -0.000170844016043012
9.90999999999983 -0.000460924409520516 -2.20116740395822E-06 0.000291262542917569 -0.000171863034006905
9.91999999999983 -0.000459760281989664 -2.18464422059177E-06 0.000289076318149938 -0.000172868608060318
9.92999999999983 -0.000458599161712544 -2.1682454491172E-06 0.000286906552720709 -0.000173860854440952
9.93999999999983 -0.00045744104040981 -2.15197014802374E-06 0.000284753122094706 -0.000174839888463128
9.94999999999983 -0.000456285909828787 -2.1358173829851E-06 0.000282615902686751 -0.000175805824525021
9.95999999999983 -0.000455133761743359 -2.11978622680391E-06 0.000280494771854329 -0.000176758776115834
9.96999999999983 -0.000453984587953853 -2.10387575935658E-06 0.000278389607890294 -0.000177698855822915
9.97999999999983 -0.000452838380286928 -2.08808506753864E-06 0.000276300290015649 -0.000178626175338817
9.98999999999983 -0.000451695130595459 -2.07241324521041E-06 0.000274226698372367 -0.000179540845468303
9.99999999999983 -0.00045055483075843 -2.05685939314327E-06 0.000272168714016278 -0.000180442976135295
10.0099999999998 -0.000449417472680818 -2.04142261896613E-06 0.000270126218910015 -0.000181332676389769
10.0199999999998 -0.000448283048293487 -2.02610203711256E-06 0.000268099095916005 -0.000182210054414595
10.0299999999998 -0.000447151549553074 -2.01089676876814E-06 0.000266087228789522 -0.00018307521753232
10.0399999999998 -0.000446022968441883 -1.99580594181834E-06 0.0002640905021718 -0.000183928272211901
10.0499999999998 -0.000444897296967775 -1.98082869079676E-06 0.000262108801583186 -0.000184769324075386
10.0599999999998 -0.000443774527164061 -1.96596415683384E-06 0.000260142013416359 -0.000185598477904536
10.0699999999998 -0.000442654651089392 -1.95121148760587E-06 0.000258190024929599 -0.000186415837647399
10.0799999999998 -0.000441537660827658 -1.93656983728448E-06 0.000256252724240108 -0.000187221506424834
10.0899999999998 -0.000440423548487875 -1.92203836648656E-06 0.000254330000317384 -0.000188015586536978
10.0999999999998 -0.000439312306204086 -1.90761624222443E-06 0.000252421742976645 -0.000188798179469665
10.1099999999998 -0.000438203926135251 -1.89330263785659E-06 0.000250527842872312 -0.000189569385900795
10.1199999999998 -0.000437098400465146 -1.87909673303869E-06 0.000248648191491534 -0.000190329305706651
10.1299999999998 -0.00043599572140226 -1.86499771367502E-06 0.000246782681147768 -0.000191078037968167
10.1399999999998 -0.000434895881179689 -1.85100477187028E-06 0.000244931204974415 -0.000191815680977144
10.1499999999998 -0.000433798872055036 -1.83711710588178E-06 0.000243093656918492 -0.000192542332242425
10.1599999999998 -0.000432704686310308 -1.82333392007201E-06 0.000241269931734371 -0.000193258088496009
10.1699999999998 -0.000431613316251815 -1.80965442486159E-06 0.000239459924977552 -0.000193963045699125
10.1799999999998 -0.000430524754210073 -1.79607783668255E-06 0.000237663532998496 -0.000194657299048259
10.1899999999998 -0.000429438992539695 -1.78260337793206E-06 0.000235880652936499 -0.000195340942981128
10.1999999999998 -0.000428356023619303 -1.76923027692641E-06 0.000234111182713619 -0.000196014071182611
10.2099999999998 -0.00042727583985142 -1.75595776785543E-06 0.000232355021028646 -0.00019667677659063
10.2199999999998 -0.000426198433662376 -1.74278509073728E-06 0.000230612067351125 -0.000197329151401988
10.2299999999998 -0.00042512379750221 -1.72971149137352E-06 0.000228882221915422 -0.000197971287078162
10.2399999999998 -0.000424051923844571 -1.71673622130462E-06 0.000227165385714836 -0.00019860327435104
10.2499999999998 -0.000422982805186623 -1.70385853776572E-06 0.000225461460495758 -0.00019922520322863
10.2599999999998 -0.000421916434048948 -1.69107770364287E-06 0.000223770348751882 -0.000199837163000709
10.2699999999998 -0.000420852802975454 -1.67839298742947E-06 0.000222091953718448 -0.000200439242244435
10.2799999999998 -0.000419791904533272 -1.66580366318312E-06 0.000220426179366541 -0.000201031528829914
10.2899999999998 -0.00041873373131267 -1.65330901048287E-06 0.000218772930397436 -0.000201614109925717
10.2999999999998 -0.000417678275926954 -1.64090831438668E-06 0.000217132112236974 -0.000202187072004367
10.3099999999998 -0.000416625531012377 -1.62860086538927E-06 0.000215503631029998 -0.000202750500847768
