0 0
0.01 0.0989657197985467
0.02 0.191390315518148
0.03 0.277633585846048
0.04 0.358036616489297
0.05 0.432922729941132
0.06 0.502598387657681
0.07 0.56735404701153
0.08 0.62746497527158
0.09 0.683192022747312
0.1 0.734782357129685
0.11 0.782470160960309
0.12 0.826477294064862
0.13 0.867013922695766
0.14 0.904279117042725
0.15 0.938461418687508
0.16 0.969739379501247
0.17 0.998282073408277
0.18 1.0242495823699
0.19 1.04779345787438
0.2 1.06905715915567
0.21 1.08817646930268
0.22 1.10527989036336
0.23 1.12048901849293
0.24 1.13391890014353
0.25 1.14567837024327
0.26 1.15587037326509
0.27 1.16459226804169
0.28 1.17193611713984
0.29 1.17798896156713
0.3 1.18283308154565
0.31 1.18654624405095
0.32 1.18920193777923
0.33 1.19086959617351
0.34 1.19161480910752
0.35 1.19149952379657
0.36 1.19058223547623
0.37 1.18891816836276
0.38 1.1865594473836
0.39 1.18355526114178
0.4 1.17995201655535
0.41 1.17579348559046
0.42 1.17112094448623
0.43 1.1659733058495
0.44 1.16038724397876
0.45 1.15439731375851
0.46 1.14803606344851
0.47 1.14133414167581
0.48 1.13432039892248
0.49 1.12702198378691
0.5 1.11946443428304
0.51 1.11167176442836
0.52 1.10366654635914
0.53 1.09546998819933
0.54 1.08710200789835
0.55 1.07858130324204
0.56 1.06992541823091
0.57 1.06115080601018
0.58 1.05227288852659
0.59 1.04330611307855
0.6 1.03426400591744
0.61 1.02515922305033
0.62 1.01600359838648
0.63 1.00680818936319
0.64 0.997583320179444
0.65 0.988338622759515
0.66 0.979083075562504
0.67 0.969825040347918
0.68 0.960572297001906
0.69 0.951332076523445
0.7 0.9421110922648
0.71 0.932915569515814
0.72 0.923751273517053
0.73 0.914623535982565
0.74 0.905537280208906
0.75 0.89649704484323
0.76 0.887507006379556
0.77 0.878571000448815
0.78 0.869692541964986
0.79 0.86087484418644
0.8 0.852120836748649
0.81 0.843433182721544
0.820000000000001 0.834814294742106
0.830000000000001 0.82626635027023
0.840000000000001 0.817791306013418
0.850000000000001 0.809390911563583
0.860000000000001 0.801066722287017
0.870000000000001 0.792820111506491
0.880000000000001 0.78465228201249
0.890000000000001 0.776564276938664
0.900000000000001 0.768556990034809
0.910000000000001 0.760631175369003
0.920000000000001 0.752787456488865
0.930000000000001 0.745026335070418
0.940000000000001 0.737348199081546
0.950000000000001 0.729753330485674
0.960000000000001 0.722241912509972
0.970000000000001 0.714814036501145
0.980000000000001 0.707469708390682
0.990000000000001 0.700208854790321
1 0.693031328737405
1.01 0.685936915108807
1.02 0.678925335721127
1.03 0.671996254133952
1.04 0.665149280172117
1.05 0.658383974182059
1.06 0.651699851036587
1.07 0.645096383901656
1.08 0.638573007778011
1.09 0.632129122829909
1.1 0.625764097512505
1.11 0.619477271508845
1.12 0.613267958486892
1.13 0.607135448686423
1.14 0.601079011345146
1.15 0.59509789697289
1.16 0.589191339482244
1.17 0.583358558183619
1.18 0.577598759652235
1.19 0.571911139474186
1.2 0.566294883878346
1.21 0.5607491712605
1.22 0.555273173605779
1.23 0.549866057815145
1.24 0.544526986941345
1.25 0.539255121339514
1.26 0.534049619737272
1.27 0.528909640228957
1.28 0.523834341198347
1.29 0.518822882174018
1.3 0.513874424621245
1.31 0.508988132674151
1.32 0.504163173811619
1.33 0.499398719480272
1.34 0.494693945667657
1.35 0.490048033428612
1.36 0.485460169367612
1.37 0.480929546079748
1.38 0.476455362552856
1.39 0.472036824533155
1.4 0.467673144856644
1.41 0.46336354374838
1.42 0.459107249091626
1.43 0.454903496668771
1.44 0.450751530375804
1.45 0.446650602412033
1.46 0.442599973446632
1.47 0.438598912763536
1.48 0.434646698386081
1.49 0.430742617182757
1.5 0.426885964955313
1.51 0.423076046510416
1.52 0.419312175715992
1.53 0.415593675543304
1.54 0.411919878095769
1.55 0.408290124625446
1.56 0.404703765538109
1.57 0.4011601603877
1.58 0.39765867786099
1.59 0.394198695753159
1.6 0.390779600935011
1.61 0.387400789312463
1.62 0.384061665778945
1.63 0.380761644161273
1.64 0.377500147159546
1.65 0.374276606281583
1.66 0.371090461772378
1.67 0.36794116253902
1.68 0.364828166071508
1.69 0.361750938359853
1.7 0.358708953807843
1.71 0.355701695143816
1.72 0.35272865332877
1.73 0.349789327462114
1.74 0.346883224685349
1.75 0.344009860083938
1.76 0.341168756587626
1.77 0.338359444869434
1.78 0.335581463243543
1.79 0.332834357562284
1.8 0.330117681112401
1.81 0.327430994510783
1.82 0.324773865599817
1.83 0.322145869342509
1.84 0.319546587717531
1.85 0.3169756096143
1.86 0.31443253072823
1.87 0.311916953456261
1.88 0.309428486792757
1.89 0.306966746225885
1.9 0.304531353634552
1.91 0.30212193718598
1.92 0.299738131233988
1.93 0.297379576218064
1.94 0.295045918563263
1.95 0.292736810581009
1.96 0.290451910370835
1.97 0.288190881723116
1.98 0.285953394022828
1.99 0.283739122154374
2 0.281547746407509
2.01 0.279378952384388
2.02 0.277232430907768
2.03 0.275107877930377
2.04 0.273004994445484
2.05 0.270923486398662
2.06 0.268863064600784
2.07 0.26682344464224
2.08 0.264804346808395
2.09 0.262805495996295
2.1 0.260826621632613
2.11 0.258867457592858
2.12 0.256927742121824
2.13 0.255007217755298
2.14 0.253105631243009
2.15 0.251222733472826
2.16 0.249358279396197
2.17 0.24751202795481
2.18 0.245683742008494
2.19 0.24387318826433
2.2 0.242080137206967
2.21 0.240304363030144
2.22 0.238545643569398
2.23 0.236803760235942
2.24 0.235078497951719
2.25 0.233369645085599
2.26 0.231676993390718
2.27 0.230000337942947
2.28 0.228339477080472
2.29 0.226694212344464
2.29999999999999 0.225064348420851
2.30999999999999 0.223449693083141
2.31999999999999 0.221850057136312
2.32999999999999 0.220265254361739
2.33999999999999 0.218695101463144
2.34999999999999 0.217139418013558
2.35999999999999 0.215598026403276
2.36999999999999 0.214070751788793
2.37999999999999 0.212557422042704
2.38999999999999 0.211057867704547
2.39999999999999 0.20957192193259
2.40999999999999 0.208099420456523
2.41999999999999 0.206640201531064
2.42999999999999 0.205194105890443
2.43999999999999 0.203760976703762
2.44999999999999 0.202340659531217
2.45999999999999 0.20093300228115
2.46999999999999 0.199537855167939
2.47999999999999 0.198155070670697
2.48999999999999 0.196784503492765
2.49999999999999 0.195426010521992
2.50999999999999 0.194079450791788
2.51999999999999 0.19274468544292
2.52999999999999 0.19142157768606
2.53999999999999 0.190109992765056
2.54999999999999 0.188809797920915
2.55999999999999 0.187520862356484
2.56999999999999 0.186243057201825
2.57999999999999 0.184976255480257
2.58999999999999 0.183720332075057
2.59999999999999 0.182475163696813
2.60999999999999 0.181240628851412
2.61999999999999 0.180016607808648
2.62999999999999 0.178802982571438
2.63999999999999 0.177599636845645
2.64999999999999 0.17640645601048
2.65999999999999 0.175223327089481
2.66999999999999 0.174050138722056
2.67999999999999 0.17288678113558
2.68999999999999 0.171733146118032
2.69999999999999 0.170589126991158
2.70999999999999 0.169454618584165
2.71999999999999 0.16832951720791
2.72999999999999 0.167213720629604
2.73999999999999 0.16610712804799
2.74999999999999 0.16500964006901
2.75999999999999 0.163921158681937
2.76999999999998 0.162841587235971
2.77999999999998 0.16177083041728
2.78999999999998 0.160708794226489
2.79999999999998 0.159655385956591
2.80999999999998 0.158610514171295
2.81999999999998 0.157574088683782
2.82999999999998 0.156546020535862
2.83999999999998 0.155526221977539
2.84999999999998 0.154514606446963
2.85999999999998 0.153511088550761
2.86999999999998 0.152515584044741
2.87999999999998 0.151528009814972
2.88999999999998 0.150548283859211
2.89999999999998 0.149576325268689
2.90999999999998 0.148612054210241
2.91999999999998 0.14765539190877
2.92999999999998 0.146706260630042
2.93999999999998 0.145764583663808
2.94999999999998 0.144830285307243
2.95999999999998 0.143903290848688
2.96999999999998 0.142983526551705
2.97999999999998 0.142070919639426
2.98999999999998 0.141165398279195
2.99999999999998 0.140266891567492
3.00999999999998 0.139375329515144
3.01999999999998 0.138490643032803
3.02999999999998 0.137612763916699
3.03999999999998 0.13674162483465
3.04999999999998 0.135877159312336
3.05999999999998 0.135019301719819
3.06999999999998 0.134167987258317
3.07999999999998 0.133323151947214
3.08999999999998 0.132484732611315
3.09999999999998 0.131652666868324
3.10999999999998 0.130826893116558
3.11999999999998 0.130007350522883
3.12999999999998 0.129193979010861
3.13999999999998 0.128386719249124
3.14999999999998 0.127585512639947
3.15999999999998 0.126790301308033
3.16999999999998 0.126001028089496
3.17999999999998 0.125217636521045
3.18999999999998 0.124440070829358
3.19999999999998 0.12366827592065
3.20999999999998 0.122902197370419
3.21999999999998 0.122141781413385
3.22999999999998 0.121386974933599
3.23999999999997 0.12063772545473
3.24999999999997 0.119893981130523
3.25999999999997 0.119155690735428
3.26999999999997 0.118422803655385
3.27999999999997 0.117695269878783
3.28999999999997 0.116973039987568
3.29999999999997 0.116256065148506
3.30999999999997 0.115544297104604
3.31999999999997 0.114837688166678
3.32999999999997 0.114136191205062
3.33999999999997 0.113439759641466
3.34999999999997 0.112748347440974
3.35999999999997 0.112061909104175
3.36999999999997 0.111380399659436
3.37999999999997 0.110703774655301
3.38999999999997 0.110031990153021
3.39999999999997 0.109365002719219
3.40999999999997 0.108702769418664
3.41999999999997 0.108045247807185
3.42999999999997 0.107392395924694
3.43999999999997 0.106744172288327
3.44999999999997 0.106100535885706
3.45999999999997 0.10546144616831
3.46999999999997 0.104826863044957
3.47999999999997 0.104196746875399
3.48999999999997 0.103571058464018
3.49999999999997 0.10294975905363
3.50999999999997 0.102332810319393
3.51999999999997 0.101720174362813
3.52999999999997 0.10111181370585
3.53999999999997 0.100507691285123
3.54999999999997 0.0999077704462053
3.55999999999997 0.0993120149380205
3.56999999999997 0.0987203889073228
3.57999999999997 0.098132856893272
3.58999999999997 0.097549383822095
3.59999999999997 0.0969699350018344
3.60999999999997 0.096394476117182
3.61999999999997 0.0958229732243955
3.62999999999997 0.0952553927462974
3.63999999999997 0.0946917014673542
3.64999999999997 0.0941318665288343
3.65999999999997 0.0935758554240434
3.66999999999997 0.0930236359936362
3.67999999999997 0.092475176421002
3.68999999999997 0.0919304452277246
3.69999999999997 0.0913894112691127
3.70999999999996 0.0908520437298024
3.71999999999996 0.0903183121194277
3.72999999999996 0.0897881862683599
3.73999999999996 0.0892616363235132
3.74999999999996 0.0887386327442167
3.75999999999996 0.0882191462981497
3.76999999999996 0.0877031480573413
3.77999999999996 0.0871906093942315
3.78999999999996 0.0866815019777933
3.79999999999996 0.0861757977697155
3.80999999999996 0.0856734690206429
3.81999999999996 0.0851744882664758
3.82999999999996 0.0846788283247253
3.83999999999996 0.0841864622909245
3.84999999999996 0.083697363535095
3.85999999999996 0.0832115056982665
3.86999999999996 0.0827288626890498
3.87999999999996 0.0822494086802615
3.88999999999996 0.0817731181055995
3.89999999999996 0.0812999656563692
3.90999999999996 0.0808299262782583
3.91999999999996 0.0803629751681606
3.92999999999996 0.0798990877710469
3.93999999999996 0.0794382397768826
3.94999999999996 0.0789804071175918
3.95999999999996 0.0785255659640659
3.96999999999996 0.0780736927232168
3.97999999999996 0.0776247640350736
3.98999999999996 0.0771787567699223
3.99999999999996 0.0767356480254875
4.00999999999996 0.0762954151241555
4.01999999999996 0.0758580356102379
4.02999999999996 0.0754234872472758
4.03999999999996 0.0749917480153824
4.04999999999996 0.0745627961086249
4.05999999999996 0.0741366099324443
4.06999999999996 0.0737131681011124
4.07999999999996 0.0732924494352257
4.08999999999996 0.0728744329592352
4.09999999999996 0.0724590978990118
4.10999999999996 0.0720464236794467
4.11999999999996 0.0716363899220861
4.12999999999996 0.0712289764427997
4.13999999999996 0.070824163249482
4.14999999999996 0.0704219305397869
4.15999999999996 0.070022258698894
4.16999999999996 0.0696251282973066
4.17999999999996 0.0692305200886808
4.18999999999996 0.0688384150076847
4.19999999999995 0.0684487941678888
4.20999999999995 0.0680616388596846
4.21999999999995 0.0676769305482331
4.22999999999995 0.0672946508714418
4.23999999999995 0.0669147816379696
4.24999999999995 0.0665373048252598
4.25999999999995 0.0661622025775998
4.26999999999995 0.0657894572042082
4.27999999999995 0.0654190511773476
4.28999999999995 0.0650509671304642
4.29999999999995 0.0646851878563521
4.30999999999995 0.0643216963053432
4.31999999999995 0.0639604755835217
4.32999999999995 0.0636015089509632
4.33999999999995 0.0632447798199971
4.34999999999995 0.0628902717534931
4.35999999999995 0.0625379684631711
4.36999999999995 0.0621878538079329
4.37999999999995 0.0618399117922179
4.38999999999995 0.0614941265643796
4.39999999999995 0.0611504824150841
4.40999999999995 0.0608089637757312
4.41999999999995 0.0604695552168947
4.42999999999995 0.0601322414467849
4.43999999999995 0.0597970073097315
4.44999999999995 0.0594638377846854
4.45999999999995 0.0591327179837418
4.46999999999995 0.058803633150682
4.47999999999995 0.0584765686595345
4.48999999999995 0.0581515100131553
4.49999999999995 0.0578284428418263
4.50999999999995 0.0575073529018728
4.51999999999995 0.0571882260742983
4.52999999999995 0.0568710483634376
4.53999999999995 0.0565558058956273
4.54999999999995 0.0562424849178931
4.55999999999995 0.0559310717966553
4.56999999999995 0.0556215530164494
4.57999999999995 0.0553139151786644
4.58999999999995 0.0550081450002969
4.59999999999995 0.0547042293127212
4.60999999999995 0.0544021550604753
4.61999999999995 0.0541019093000623
4.62999999999995 0.0538034791987667
4.63999999999995 0.0535068520334869
4.64999999999995 0.053212015189581
4.65999999999995 0.0529189561597284
4.66999999999994 0.0526276625428056
4.67999999999994 0.0523381220427753
4.68999999999994 0.0520503224675911
4.69999999999994 0.051764251728114
4.70999999999994 0.0514798978370443
4.71999999999994 0.0511972489078658
4.72999999999994 0.0509162931538034
4.73999999999994 0.0506370188867936
4.74999999999994 0.0503594145164684
4.75999999999994 0.0500834685491506
4.76999999999994 0.0498091695868632
4.77999999999994 0.0495365063263491
4.78999999999994 0.0492654675581048
4.79999999999994 0.0489960421654244
4.80999999999994 0.0487282191234563
4.81999999999994 0.0484619874982711
4.82999999999994 0.0481973364459411
4.83999999999994 0.0479342552116306
4.84999999999994 0.0476727331286977
4.85999999999994 0.047412759617807
4.86999999999994 0.0471543241860527
4.87999999999994 0.0468974164260926
4.88999999999994 0.0466420260152924
4.89999999999994 0.0463881427148808
4.90999999999994 0.0461357563691137
4.91999999999994 0.0458848569044495
4.92999999999994 0.0456354343287338
4.93999999999994 0.0453874787303939
4.94999999999994 0.0451409802776427
4.95999999999994 0.0448959292176925
4.96999999999994 0.0446523158759779
4.97999999999994 0.0444101306553876
4.98999999999994 0.044169364035506
4.99999999999994 0.0439300065718631
5.00999999999994 0.0436920488951937
5.01999999999994 0.0434554817107049
5.02999999999994 0.0432202957973523
5.03999999999994 0.0429864820071252
5.04999999999994 0.0427540312643394
5.05999999999994 0.0425229345649383
5.06999999999994 0.0422931829758031
5.07999999999994 0.0420647676340698
5.08999999999994 0.0418376797464545
5.09999999999994 0.0416119105885872
5.10999999999994 0.0413874515043523
5.11999999999994 0.0411642939052371
5.12999999999994 0.0409424292696882
5.13999999999993 0.0407218491424744
5.14999999999993 0.0405025451340577
5.15999999999993 0.0402845089199712
5.16999999999993 0.040067732240204
5.17999999999993 0.0398522068985933
5.18999999999993 0.039637924762223
5.19999999999993 0.0394248777608299
5.20999999999993 0.0392130578862157
5.21999999999993 0.0390024571916662
5.22999999999993 0.0387930677913773
5.23999999999993 0.0385848818598866
5.24999999999993 0.038377891631512
5.25999999999993 0.0381720893997968
5.26999999999993 0.0379674675169602
5.27999999999993 0.0377640183933548
5.28999999999993 0.0375617344969296
5.29999999999993 0.0373606083526991
5.30999999999993 0.0371606325422184
5.31999999999993 0.036961799703064
5.32999999999993 0.0367641025283205
5.33999999999993 0.0365675337660728
5.34999999999993 0.0363720862189039
5.35999999999993 0.0361777527433981
5.36999999999993 0.0359845262496503
5.37999999999993 0.0357923997007798
5.38999999999993 0.03560136611245
5.39999999999993 0.0354114185523931
5.40999999999993 0.0352225501399399
5.41999999999993 0.0350347540455551
5.42999999999993 0.0348480234903772
5.43999999999993 0.0346623517457639
5.44999999999993 0.0344777321328414
5.45999999999993 0.0342941580220598
5.46999999999993 0.0341116228327529
5.47999999999993 0.033930120032702
5.48999999999993 0.0337496431377051
5.49999999999993 0.0335701857111511
5.50999999999993 0.0333917413635972
5.51999999999993 0.0332143037523521
5.52999999999993 0.0330378665810633
5.53999999999993 0.0328624235993082
5.54999999999993 0.0326879686021902
5.55999999999993 0.0325144954299389
5.56999999999993 0.0323419979675146
5.57999999999993 0.0321704701442164
5.58999999999993 0.0319999059332954
5.59999999999993 0.0318302993515713
5.60999999999992 0.031661644459053
5.61999999999992 0.0314939353585634
5.62999999999992 0.0313271661953684
5.63999999999992 0.0311613311568089
5.64999999999992 0.0309964244719375
5.65999999999992 0.0308324404111588
5.66999999999992 0.030669373285873
5.67999999999992 0.0305072174481234
5.68999999999992 0.0303459672902479
5.69999999999992 0.0301856172445338
5.70999999999992 0.030026161782876
5.71999999999992 0.0298675954164389
5.72999999999992 0.0297099126953219
5.73999999999992 0.0295531082082282
5.74999999999992 0.0293971765821365
5.75999999999992 0.0292421124819774
5.76999999999992 0.0290879106103114
5.77999999999992 0.0289345657070115
5.78999999999992 0.0287820725489483
5.79999999999992 0.0286304259496785
5.80999999999992 0.0284796207591367
5.81999999999992 0.0283296518633301
5.82999999999992 0.0281805141840364
5.83999999999992 0.0280322026785045
5.84999999999992 0.0278847123391588
5.85999999999992 0.0277380381933056
5.86999999999992 0.0275921753028433
5.87999999999992 0.027447118763975
5.88999999999992 0.0273028637069238
5.89999999999992 0.0271594052956516
5.90999999999992 0.02701673872758
5.91999999999992 0.0268748592333145
5.92999999999992 0.0267337620763709
5.93999999999992 0.0265934425529052
5.94999999999992 0.0264538959914452
5.95999999999992 0.0263151177526252
5.96999999999992 0.026177103228924
5.97999999999992 0.0260398478444038
5.98999999999992 0.0259033470544534
5.99999999999992 0.0257675963455331
6.00999999999992 0.0256325912349218
6.01999999999992 0.0254983272704671
6.02999999999992 0.0253648000303379
6.03999999999992 0.0252320051227787
6.04999999999992 0.0250999381858673
6.05999999999992 0.0249685948872738
6.06999999999992 0.0248379709240227
6.07999999999991 0.0247080620222568
6.08999999999991 0.0245788639370041
6.09999999999991 0.0244503724519457
6.10999999999991 0.0243225833791873
6.11999999999991 0.0241954925590318
6.12999999999991 0.0240690958597548
6.13999999999991 0.023943389177382
6.14999999999991 0.0238183684354684
6.15999999999991 0.0236940295848803
6.16999999999991 0.0235703686035786
6.17999999999991 0.0234473814964047
6.18999999999991 0.0233250642948684
6.19999999999991 0.0232034130569372
6.20999999999991 0.0230824238668287
6.21999999999991 0.0229620928348038
6.22999999999991 0.0228424160969622
6.23999999999991 0.0227233898150408
6.24999999999991 0.0226050101762121
6.25999999999991 0.0224872733928865
6.26999999999991 0.0223701757025147
6.27999999999991 0.0222537133673933
6.28999999999991 0.0221378826744714
6.29999999999991 0.0220226799351592
6.30999999999991 0.0219081014851386
6.31999999999991 0.0217941436841752
6.32999999999991 0.0216808029159324
6.33999999999991 0.0215680755877867
6.34999999999991 0.0214559581306454
6.35999999999991 0.0213444469987655
6.36999999999991 0.0212335386695743
6.37999999999991 0.0211232296434916
6.38999999999991 0.021013516443754
6.39999999999991 0.0209043956162402
6.40999999999991 0.0207958637292982
6.41999999999991 0.020687917373574
6.42999999999991 0.0205805531618421
6.43999999999991 0.0204737677288369
6.44999999999991 0.0203675577310864
6.45999999999991 0.0202619198467471
6.46999999999991 0.0201568507754399
6.47999999999991 0.0200523472380886
6.48999999999991 0.0199484059767585
6.49999999999991 0.0198450237544978
6.50999999999991 0.0197421973551791
6.51999999999991 0.0196399235833435
6.52999999999991 0.0195381992640454
6.53999999999991 0.0194370212426988
6.5499999999999 0.0193363863849251
6.5599999999999 0.0192362915764023
6.5699999999999 0.0191367337227152
6.5799999999999 0.0190377097492074
6.5899999999999 0.0189392166008343
6.5999999999999 0.0188412512420173
6.6099999999999 0.0187438106564997
6.6199999999999 0.0186468918472037
6.6299999999999 0.0185504918360883
6.6399999999999 0.0184546076640091
6.6499999999999 0.0183592363905784
6.6599999999999 0.018264375094028
6.6699999999999 0.0181700208710716
6.6799999999999 0.0180761708367691
6.6899999999999 0.0179828221243927
6.6999999999999 0.017889971885293
6.7099999999999 0.017797617288767
6.7199999999999 0.017705755521927
6.7299999999999 0.0176143837895709
6.7399999999999 0.0175234993140534
6.7499999999999 0.0174330993351581
6.7599999999999 0.0173431811099711
6.7699999999999 0.0172537419127557
6.7799999999999 0.0171647790348278
6.7899999999999 0.0170762897844326
6.7999999999999 0.0169882714866226
6.8099999999999 0.0169007214831359
6.8199999999999 0.0168136371322766
6.8299999999999 0.0167270158087951
6.8399999999999 0.0166408549037706
6.8499999999999 0.0165551518244933
6.8599999999999 0.0164699039943487
6.8699999999999 0.0163851088527024
6.8799999999999 0.0163007638547858
6.8899999999999 0.0162168664715831
6.8999999999999 0.0161334141897187
6.9099999999999 0.0160504045113464
6.9199999999999 0.0159678349540385
6.9299999999999 0.0158857030506768
6.9399999999999 0.0158040063493438
6.9499999999999 0.0157227424132154
6.9599999999999 0.0156419088204538
6.9699999999999 0.0155615031641019
6.9799999999999 0.0154815230519784
6.9899999999999 0.0154019661065738
6.9999999999999 0.0153228299649469
7.00999999999989 0.0152441122786227
7.01999999999989 0.015165810713491
7.02999999999989 0.0150879229497056
7.03999999999989 0.0150104466815845
7.04999999999989 0.0149333796175108
7.05999999999989 0.0148567194798348
7.06999999999989 0.0147804640047765
7.07999999999989 0.014704610942329
7.08999999999989 0.0146291580561628
7.09999999999989 0.0145541031235306
7.10999999999989 0.0144794439351734
7.11999999999989 0.014405178295227
7.12999999999989 0.014331304021129
7.13999999999989 0.0142578189435273
7.14999999999989 0.0141847209061887
7.15999999999989 0.0141120077659084
7.16999999999989 0.0140396773924207
7.17999999999989 0.0139677276683093
7.18999999999989 0.0138961564889199
7.19999999999989 0.013824961762272
7.20999999999989 0.0137541414089723
7.21999999999989 0.0136836933621287
7.22999999999989 0.0136136155672645
7.23999999999989 0.0135439059822342
7.24999999999989 0.0134745625771386
7.25999999999989 0.0134055833342424
7.26999999999989 0.0133369662478906
7.27999999999989 0.0132687093244269
7.28999999999989 0.013200810582112
7.29999999999989 0.013133268051043
7.30999999999989 0.0130660797730735
7.31999999999989 0.0129992438017335
7.32999999999989 0.0129327582021509
7.33999999999989 0.0128666210509734
7.34999999999989 0.0128008304362905
7.35999999999989 0.0127353844575568
7.36999999999989 0.0126702812255154
7.37999999999989 0.0126055188621223
7.38999999999989 0.0125410955004709
7.39999999999989 0.0124770092847176
7.40999999999989 0.0124132583700078
7.41999999999989 0.0123498409224022
7.42999999999989 0.0122867551188042
7.43999999999989 0.0122239991468875
7.44999999999989 0.0121615712050241
7.45999999999989 0.0120994695022136
7.46999999999989 0.0120376922580121
7.47999999999988 0.0119762377024623
7.48999999999988 0.0119151040760242
7.49999999999988 0.0118542896295055
7.50999999999988 0.0117937926239937
7.51999999999988 0.011733611330788
7.52999999999988 0.0116737440313315
7.53999999999988 0.0116141890171449
7.54999999999988 0.0115549445897597
7.55999999999988 0.0114960090606525
7.56999999999988 0.0114373807511794
7.57999999999988 0.0113790579925115
7.58999999999988 0.0113210391255703
7.59999999999988 0.0112633225009636
7.60999999999988 0.0112059064789225
7.61999999999988 0.0111487894292384
7.62999999999988 0.0110919697312002
7.63999999999988 0.0110354457735329
7.64999999999988 0.0109792159543357
7.65999999999988 0.0109232786810209
7.66999999999988 0.0108676323702539
7.67999999999988 0.0108122754478922
7.68999999999988 0.0107572063489268
7.69999999999988 0.010702423517422
7.70999999999988 0.0106479254064574
7.71999999999988 0.0105937104780689
7.72999999999988 0.0105397772031915
7.73999999999988 0.0104861240616014
7.74999999999988 0.0104327495418591
7.75999999999988 0.0103796521412527
7.76999999999988 0.0103268303657421
7.77999999999988 0.0102742827299027
7.78999999999988 0.0102220077568705
7.79999999999988 0.010170003978287
7.80999999999988 0.0101182699342447
7.81999999999988 0.0100668041732328
7.82999999999988 0.010015605252084
7.83999999999988 0.00996467173592065
7.84999999999988 0.00991400219810194
7.85999999999988 0.00986359522017161
7.86999999999988 0.00981344939180557
7.87999999999988 0.00976356331076022
7.88999999999988 0.00971393558282106
7.89999999999988 0.00966456482175168
7.90999999999988 0.00961544964924311
7.91999999999988 0.00956658869486358
7.92999999999988 0.00951798059600865
7.93999999999988 0.00946962399785161
7.94999999999987 0.00942151755329435
7.95999999999987 0.00937365992291859
7.96999999999987 0.00932604977493734
7.97999999999987 0.00927868578514685
7.98999999999987 0.00923156663687884
7.99999999999987 0.00918469102095308
8.00999999999987 0.00913805763563037
8.01999999999987 0.00909166518656574
8.02999999999987 0.00904551238676209
8.03999999999987 0.00899959795652419
8.04999999999987 0.00895392062341285
8.05999999999987 0.00890847912219962
8.06999999999987 0.00886327219482167
8.07999999999987 0.00881829859033707
8.08999999999987 0.00877355706488033
8.09999999999987 0.00872904638161832
8.10999999999987 0.00868476531070649
8.11999999999987 0.00864071262924534
8.12999999999987 0.00859688712123731
8.13999999999987 0.00855328757754387
8.14999999999987 0.008509912795843
8.15999999999987 0.00846676158058689
8.16999999999987 0.00842383274296002
8.17999999999987 0.0083811251008375
8.18999999999987 0.00833863747874367
8.19999999999987 0.00829636870781108
8.20999999999987 0.00825431762573967
8.21999999999987 0.00821248307675628
8.22999999999987 0.00817086391157446
8.23999999999987 0.00812945898735453
8.24999999999987 0.00808826716766393
8.25999999999987 0.00804728732243786
8.26999999999987 0.0080065183279402
8.27999999999987 0.00796595906672464
8.28999999999987 0.00792560842759623
8.29999999999987 0.00788546530557298
8.30999999999987 0.00784552860184797
8.31999999999987 0.0078057972237515
8.32999999999987 0.00776627008471369
8.33999999999987 0.0077269461042272
8.34999999999987 0.00768782420781029
8.35999999999987 0.00764890332697011
8.36999999999987 0.00761018239916627
8.37999999999987 0.00757166036777457
8.38999999999987 0.00753333618205112
8.39999999999987 0.00749520879709661
8.40999999999987 0.00745727717382085
8.41999999999986 0.00741954027890756
8.42999999999986 0.0073819970847794
8.43999999999986 0.00734464656956323
8.44999999999986 0.00730748771705565
8.45999999999986 0.0072705195166887
8.46999999999986 0.00723374096349587
8.47999999999986 0.00719715105807831
8.48999999999986 0.00716074880657125
8.49999999999986 0.00712453322061071
8.50999999999986 0.00708850331730034
8.51999999999986 0.00705265811917862
8.52999999999986 0.00701699665418615
8.53999999999986 0.00698151795563324
8.54999999999986 0.0069462210621677
8.55999999999986 0.00691110501774282
8.56999999999986 0.00687616887158567
8.57999999999986 0.00684141167816546
8.58999999999986 0.00680683249716221
8.59999999999986 0.00677243039343567
8.60999999999986 0.0067382044369943
8.61999999999986 0.00670415370296464
8.62999999999986 0.00667027727156076
8.63999999999986 0.00663657422805394
8.64999999999986 0.0066030436627426
8.65999999999986 0.00656968467092239
8.66999999999986 0.00653649635285647
8.67999999999986 0.00650347781374602
8.68999999999986 0.00647062816370097
8.69999999999986 0.00643794651771081
8.70999999999986 0.00640543199561577
8.71999999999986 0.00637308372207803
8.72999999999986 0.00634090082655321
8.73999999999986 0.00630888244326206
8.74999999999986 0.00627702771116224
8.75999999999986 0.00624533577392041
8.76999999999986 0.00621380577988443
8.77999999999986 0.00618243688205577
8.78999999999986 0.00615122823806208
8.79999999999986 0.00612017901012996
8.80999999999986 0.00608928836505793
8.81999999999986 0.00605855547418952
8.82999999999986 0.0060279795133866
8.83999999999986 0.00599755966300284
8.84999999999986 0.00596729510785737
8.85999999999986 0.00593718503720859
8.86999999999986 0.0059072286447282
8.87999999999986 0.00587742512847532
8.88999999999985 0.00584777369087087
8.89999999999985 0.00581827353867204
8.90999999999985 0.00578892388294697
8.91999999999985 0.00575972393904961
8.92999999999985 0.00573067292659468
8.93999999999985 0.00570177006943284
8.94999999999985 0.00567301459562605
8.95999999999985 0.00564440573742301
8.96999999999985 0.00561594273123482
8.97999999999985 0.00558762481761078
8.98999999999985 0.00555945124121437
8.99999999999985 0.00553142125079931
9.00999999999985 0.00550353409918589
9.01999999999985 0.00547578904323734
9.02999999999985 0.00544818534383643
9.03999999999985 0.00542072226586222
9.04999999999985 0.00539339907816686
9.05999999999985 0.00536621505355267
9.06999999999985 0.00533916946874933
9.07999999999985 0.00531226160439113
9.08999999999985 0.00528549074499447
9.09999999999985 0.0052588561789355
9.10999999999985 0.0052323571984278
9.11999999999985 0.00520599309950033
9.12999999999985 0.00517976318197544
9.13999999999985 0.00515366674944707
9.14999999999985 0.00512770310925901
9.15999999999985 0.00510187157248341
9.16999999999985 0.00507617145389934
9.17999999999985 0.00505060207197153
9.18999999999985 0.0050251627488292
9.19999999999985 0.00499985281024511
9.20999999999985 0.00497467158561464
9.21999999999985 0.00494961840793506
9.22999999999985 0.00492469261378495
9.23999999999985 0.00489989354330367
9.24999999999985 0.00487522054017107
9.25999999999985 0.00485067295158724
9.26999999999985 0.00482625012825242
9.27999999999985 0.00480195142434702
9.28999999999985 0.00477777619751181
9.29999999999985 0.00475372380882819
9.30999999999985 0.0047297936227986
9.31999999999985 0.00470598500732705
9.32999999999985 0.00468229733369978
9.33999999999985 0.00465872997656602
9.34999999999985 0.00463528231391889
9.35999999999984 0.00461195372707646
9.36999999999984 0.00458874360066281
9.37999999999984 0.00456565132258932
9.38999999999984 0.00454267628403605
9.39999999999984 0.00451981787943321
9.40999999999984 0.00449707550644276
9.41999999999984 0.00447444856594011
9.42999999999984 0.00445193646199599
9.43999999999984 0.00442953860185835
9.44999999999984 0.00440725439593445
9.45999999999984 0.00438508325777297
9.46999999999984 0.00436302460404635
9.47999999999984 0.00434107785453314
9.48999999999984 0.00431924243210049
9.49999999999984 0.00429751776268676
9.50999999999984 0.00427590327528425
9.51999999999984 0.00425439840192199
9.52999999999984 0.00423300257764866
9.53999999999984 0.00421171524051563
9.54999999999984 0.00419053583156011
9.55999999999984 0.00416946379478834
9.56999999999984 0.00414849857715896
9.57999999999984 0.00412763962856647
9.58999999999984 0.00410688640182471
9.59999999999984 0.00408623835265057
9.60999999999984 0.0040656949396477
9.61999999999984 0.00404525562429035
9.62999999999984 0.00402491987090733
9.63999999999984 0.00400468714666604
9.64999999999984 0.0039845569215566
9.65999999999984 0.00396452866837611
9.66999999999984 0.00394460186271293
9.67999999999984 0.00392477598293119
9.68999999999984 0.0039050505101552
9.69999999999984 0.00388542492825417
9.70999999999984 0.00386589872382685
9.71999999999984 0.00384647138618635
9.72999999999984 0.00382714240734506
9.73999999999984 0.00380791128199959
9.74999999999984 0.00378877750751586
9.75999999999984 0.00376974058391429
9.76999999999984 0.00375080001385503
9.77999999999984 0.0037319553026233
9.78999999999984 0.00371320595811486
9.79999999999984 0.00369455149082148
9.80999999999984 0.00367599141381659
9.81999999999984 0.00365752524274096
9.82999999999983 0.00363915249578847
9.83999999999983 0.00362087269369199
9.84999999999983 0.00360268535970933
9.85999999999983 0.00358459001960927
9.86999999999983 0.00356658620165769
9.87999999999983 0.00354867343660376
9.88999999999983 0.00353085125766622
9.89999999999983 0.00351311920051978
9.90999999999983 0.00349547680328154
9.91999999999983 0.00347792360649751
9.92999999999983 0.00346045915312926
9.93999999999983 0.00344308298854058
9.94999999999983 0.00342579466048426
9.95999999999983 0.00340859371908892
9.96999999999983 0.00339147971684598
9.97999999999983 0.00337445220859661
9.98999999999983 0.00335751075151886
9.99999999999983 0.0033406549051148
