0.0001 0.537771 0.0299224 0.81835 -494.305 0.424286 0.0299053 0.946315 8.05618
0.0002 0.48955 0.0298398 0.832014 -111.863 0.391084 0.0298107 0.945509 8.01085
0.0003 0.461562 0.0297561 0.841354 -81.621 0.370965 0.0297162 0.944718 7.80518
0.0004 0.441431 0.0296716 0.848531 -64.5021 0.356361 0.0296218 0.943949 7.58288
0.0005 0.425561 0.0295864 0.854346 -53.1439 0.344838 0.0295274 0.943201 7.37349
0.0006 0.412392 0.0295008 0.859211 -44.9705 0.335292 0.0294332 0.942473 7.1837
0.0007 0.4011 0.0294146 0.863372 -38.7779 0.327126 0.0293389 0.941763 7.01392
0.0008 0.391193 0.0293281 0.866988 -33.9127 0.31998 0.0292448 0.94107 6.86272
0.0009 0.382355 0.0292412 0.87017 -29.9849 0.313619 0.0291507 0.94039 6.72817
0.001 0.374367 0.0291541 0.872997 -26.7455 0.307883 0.0290567 0.939724 6.60839
0.0011 0.367073 0.0290667 0.875528 -24.0275 0.302655 0.0289628 0.939068 6.50165
0.0012 0.360358 0.028979 0.877809 -21.7144 0.297849 0.0288689 0.938423 6.40641
0.0013 0.354133 0.0288911 0.879876 -19.722 0.293399 0.0287751 0.937787 6.32136
0.0014 0.348328 0.028803 0.881758 -17.9882 0.289255 0.0286813 0.937158 6.24536
0.0015 0.342888 0.0287148 0.883477 -16.4659 0.285374 0.0285877 0.936537 6.17742
0.0016 0.337768 0.0286263 0.885054 -15.1188 0.281725 0.028494 0.935923 6.1167
0.0017 0.332932 0.0285377 0.886503 -13.9185 0.278279 0.0284005 0.935314 6.06246
0.0018 0.328348 0.028449 0.88784 -12.8423 0.275014 0.028307 0.93471 6.01407
0.0019 0.323991 0.0283602 0.889074 -11.872 0.271911 0.0282135 0.934111 5.97097
0.002 0.319838 0.0282712 0.890215 -10.9928 0.268955 0.0281202 0.933516 5.93268
0.0021 0.31587 0.0281821 0.891273 -10.1924 0.26613 0.0280268 0.932924 5.89877
0.0022 0.312072 0.028093 0.892255 -9.46073 0.263425 0.0279336 0.932336 5.86888
0.0023 0.308429 0.0280037 0.893167 -8.78929 0.260831 0.0278404 0.93175 5.84266
0.0024 0.304928 0.0279143 0.894014 -8.1709 0.258337 0.0277472 0.931167 5.81984
0.0025 0.301559 0.0278249 0.894802 -7.59948 0.255936 0.0276541 0.930586 5.80015
0.0026 0.298311 0.0277354 0.895534 -7.06981 0.25362 0.0275611 0.930007 5.78335
0.0027 0.295177 0.0276458 0.896216 -6.57743 0.251384 0.0274681 0.929429 5.76925
0.0028 0.292147 0.0275561 0.89685 -6.11846 0.249222 0.0273752 0.928853 5.75766
0.0029 0.289215 0.0274664 0.89744 -5.68954 0.247129 0.0272824 0.928278 5.74841
0.003 0.286376 0.0273766 0.897989 -5.28774 0.2451 0.0271896 0.927703 5.74135
0.0031 0.283622 0.0272868 0.898498 -4.91046 0.243132 0.0270968 0.927129 5.73635
0.0032 0.28095 0.0271969 0.898971 -4.55546 0.241219 0.0270041 0.926556 5.73329
0.0033 0.278353 0.027107 0.89941 -4.22072 0.23936 0.0269115 0.925983 5.73205
0.0034 0.275829 0.0270171 0.899816 -3.90447 0.237551 0.0268189 0.925409 5.73253
0.0035 0.273372 0.0269271 0.900191 -3.60512 0.23579 0.0267264 0.924836 5.73465
0.0036 0.27098 0.026837 0.900537 -3.32127 0.234073 0.026634 0.924262 5.73832
0.0037 0.268648 0.026747 0.900855 -3.05163 0.232399 0.0265416 0.923688 5.74346
0.0038 0.266375 0.0266569 0.901148 -2.79509 0.230764 0.0264492 0.923114 5.75
0.0039 0.264157 0.0265667 0.901415 -2.5506 0.229168 0.026357 0.922538 5.75789
0.004 0.261991 0.0264766 0.901658 -2.31725 0.227608 0.0262647 0.921962 5.76706
0.0041 0.259874 0.0263864 0.901878 -2.0942 0.226083 0.0261726 0.921385 5.77746
0.0042 0.257806 0.0262962 0.902077 -1.8807 0.224591 0.0260805 0.920807 5.78903
0.0043 0.255783 0.026206 0.902255 -1.67603 0.22313 0.0259884 0.920227 5.80174
0.0044 0.253803 0.0261158 0.902412 -1.47959 0.221699 0.0258964 0.919646 5.81555
0.0045 0.251865 0.0260255 0.902551 -1.29079 0.220297 0.0258045 0.919064 5.8304
0.0046 0.249967 0.0259352 0.90267 -1.1091 0.218923 0.0257126 0.91848 5.84628
0.0047 0.248108 0.025845 0.902773 -0.934048 0.217575 0.0256208 0.917895 5.86314
0.0048 0.246285 0.0257547 0.902857 -0.765183 0.216252 0.025529 0.917307 5.88096
0.0049 0.244497 0.0256644 0.902926 -0.602098 0.214954 0.0254373 0.916718 5.8997
0.005 0.242743 0.0255741 0.902978 -0.444417 0.213679 0.0253457 0.916127 5.91935
0.0051 0.241022 0.0254838 0.903015 -0.291792 0.212427 0.0252541 0.915534 5.93987
0.0052 0.239333 0.0253935 0.903036 -0.143903 0.211196 0.0251626 0.914939 5.96125
0.0053 0.237673 0.0253032 0.903043 -0.000451997 0.209986 0.0250711 0.914342 5.98347
0.0054 0.236043 0.0252129 0.903036 0.138838 0.208796 0.0249797 0.913743 6.0065
0.0055 0.234441 0.0251226 0.903016 0.274222 0.207626 0.0248884 0.913141 6.03033
0.0056 0.232867 0.0250323 0.902982 0.40594 0.206475 0.0247971 0.912537 6.05494
0.0057 0.231318 0.024942 0.902935 0.534213 0.205341 0.0247058 0.91193 6.08032
0.0058 0.229795 0.0248517 0.902875 0.659248 0.204225 0.0246147 0.911321 6.10645
0.0059 0.228297 0.0247614 0.902803 0.78124 0.203126 0.0245236 0.910709 6.13332
0.006 0.226823 0.0246711 0.902719 0.900368 0.202044 0.0244325 0.910094 6.16092
0.0061 0.225371 0.0245809 0.902623 1.0168 0.200977 0.0243416 0.909476 6.18924
0.0062 0.223942 0.0244906 0.902515 1.1307 0.199926 0.0242506 0.908856 6.21827
0.0063 0.222535 0.0244004 0.902397 1.24221 0.198889 0.0241598 0.908233 6.24799
0.0064 0.221149 0.0243101 0.902267 1.35148 0.197867 0.024069 0.907606 6.27841
0.0065 0.219783 0.0242199 0.902126 1.45863 0.196859 0.0239783 0.906977 6.3095
0.0066 0.218437 0.0241297 0.901975 1.56379 0.195865 0.0238876 0.906344 6.34127
0.0067 0.21711 0.0240395 0.901814 1.66708 0.194884 0.023797 0.905709 6.37371
0.0068 0.215802 0.0239494 0.901642 1.7686 0.193915 0.0237065 0.90507 6.40681
0.0069 0.214512 0.0238592 0.90146 1.86847 0.19296 0.023616 0.904427 6.44056
0.007 0.213239 0.0237691 0.901268 1.96677 0.192016 0.0235256 0.903782 6.47497
0.0071 0.211984 0.0236789 0.901067 2.0636 0.191084 0.0234352 0.903132 6.51002
0.0072 0.210746 0.0235888 0.900856 2.15906 0.190164 0.0233449 0.90248 6.54572
0.0073 0.209524 0.0234988 0.900635 2.25321 0.189255 0.0232547 0.901823 6.58205
0.0074 0.208318 0.0234087 0.900405 2.34615 0.188357 0.0231646 0.901163 6.61903
0.0075 0.207127 0.0233187 0.900166 2.43795 0.187469 0.0230745 0.900499 6.65663
0.0076 0.205951 0.0232287 0.899917 2.52868 0.186592 0.0229845 0.899832 6.69487
0.0077 0.20479 0.0231387 0.89966 2.61841 0.185725 0.0228945 0.89916 6.73373
0.0078 0.203644 0.0230488 0.899394 2.7072 0.184868 0.0228047 0.898485 6.77322
0.0079 0.202511 0.0229588 0.899119 2.79512 0.184021 0.0227148 0.897806 6.81334
0.008 0.201392 0.0228689 0.898835 2.88222 0.183183 0.0226251 0.897122 6.85408
0.0081 0.200286 0.0227791 0.898542 2.96856 0.182354 0.0225354 0.896435 6.89544
0.0082 0.199194 0.0226892 0.898241 3.0542 0.181534 0.0224458 0.895743 6.93743
0.0083 0.198114 0.0225994 0.897931 3.13919 0.180723 0.0223563 0.895047 6.98004
0.0084 0.197046 0.0225096 0.897613 3.22358 0.17992 0.0222668 0.894347 7.02327
0.0085 0.195991 0.0224199 0.897287 3.30741 0.179126 0.0221774 0.893643 7.06713
0.0086 0.194947 0.0223302 0.896952 3.39073 0.17834 0.0220881 0.892934 7.11161
0.0087 0.193916 0.0222405 0.896608 3.47359 0.177562 0.0219988 0.89222 7.15671
0.0088 0.192895 0.0221509 0.896257 3.55603 0.176792 0.0219096 0.891502 7.20244
0.0089 0.191886 0.0220613 0.895897 3.63808 0.17603 0.0218205 0.89078 7.2488
0.009 0.190887 0.0219717 0.895529 3.71979 0.175275 0.0217315 0.890053 7.29578
0.0091 0.189899 0.0218821 0.895153 3.8012 0.174527 0.0216425 0.889321 7.3434
0.0092 0.188922 0.0217927 0.894769 3.88234 0.173787 0.0215536 0.888584 7.39164
0.0093 0.187955 0.0217032 0.894377 3.96325 0.173053 0.0214648 0.887842 7.44051
0.0094 0.186998 0.0216138 0.893976 4.04396 0.172327 0.021376 0.887096 7.49003
0.0095 0.18605 0.0215244 0.893568 4.1245 0.171607 0.0212874 0.886344 7.54017
0.0096 0.185112 0.0214351 0.893152 4.20491 0.170895 0.0211988 0.885588 7.59096
0.0097 0.184184 0.0213458 0.892727 4.28522 0.170188 0.0211102 0.884826 7.64239
0.0098 0.183265 0.0212565 0.892295 4.36546 0.169488 0.0210218 0.884059 7.69446
0.0099 0.182355 0.0211673 0.891854 4.44566 0.168794 0.0209334 0.883287 7.74718
0.01 0.181454 0.0210781 0.891405 4.52584 0.168107 0.0208451 0.88251 7.80055
0.0101 0.180561 0.020989 0.890949 4.60603 0.167425 0.0207569 0.881727 7.85457
0.0102 0.179677 0.0209 0.890484 4.68627 0.16675 0.0206688 0.880939 7.90925
0.0103 0.178802 0.0208109 0.890012 4.76657 0.16608 0.0205807 0.880145 7.96459
0.0104 0.177934 0.020722 0.889531 4.84697 0.165416 0.0204928 0.879346 8.0206
0.0105 0.177075 0.020633 0.889042 4.92748 0.164758 0.0204049 0.878541 8.07727
0.0106 0.176224 0.0205441 0.888545 5.00814 0.164105 0.0203171 0.87773 8.13461
0.0107 0.175381 0.0204553 0.888041 5.08896 0.163457 0.0202293 0.876914 8.19262
0.0108 0.174545 0.0203665 0.887528 5.16997 0.162815 0.0201417 0.876092 8.25132
0.0109 0.173717 0.0202778 0.887007 5.25119 0.162178 0.0200541 0.875264 8.31069
0.011 0.172896 0.0201891 0.886477 5.33265 0.161547 0.0199666 0.87443 8.37076
0.0111 0.172082 0.0201005 0.88594 5.41437 0.16092 0.0198792 0.87359 8.43151
0.0112 0.171276 0.020012 0.885394 5.49636 0.160299 0.0197919 0.872743 8.49296
0.0113 0.170477 0.0199234 0.884841 5.57866 0.159682 0.0197047 0.871891 8.55511
0.0114 0.169684 0.019835 0.884279 5.66128 0.15907 0.0196175 0.871032 8.61796
0.0115 0.168899 0.0197466 0.883708 5.74424 0.158463 0.0195305 0.870167 8.68152
0.0116 0.16812 0.0196582 0.88313 5.82756 0.15786 0.0194435 0.869296 8.7458
0.0117 0.167347 0.01957 0.882543 5.91126 0.157263 0.0193566 0.868418 8.81079
0.0118 0.166582 0.0194817 0.881948 5.99537 0.156669 0.0192698 0.867534 8.87651
0.0119 0.165822 0.0193936 0.881344 6.0799 0.156081 0.0191831 0.866643 8.94296
0.012 0.165069 0.0193055 0.880732 6.16487 0.155496 0.0190965 0.865745 9.01014
0.0121 0.164322 0.0192174 0.880111 6.2503 0.154916 0.01901 0.864841 9.07805
0.0122 0.163581 0.0191294 0.879482 6.3362 0.15434 0.0189235 0.86393 9.14671
0.0123 0.162846 0.0190415 0.878844 6.42261 0.153769 0.0188372 0.863011 9.21612
0.0124 0.162117 0.0189537 0.878197 6.50953 0.153201 0.0187509 0.862086 9.28629
0.0125 0.161394 0.0188659 0.877542 6.59699 0.152638 0.0186648 0.861154 9.35721
0.0126 0.160677 0.0187782 0.876878 6.685 0.152079 0.0185787 0.860215 9.4289
0.0127 0.159965 0.0186905 0.876205 6.77358 0.151523 0.0184927 0.859268 9.50136
0.0128 0.159259 0.0186029 0.875523 6.86275 0.150972 0.0184068 0.858315 9.5746
0.0129 0.158558 0.0185154 0.874832 6.95253 0.150425 0.018321 0.857353 9.64862
0.013 0.157863 0.018428 0.874132 7.04293 0.149881 0.0182354 0.856385 9.72343
0.0131 0.157173 0.0183406 0.873424 7.13397 0.149341 0.0181498 0.855409 9.79903
0.0132 0.156488 0.0182533 0.872706 7.22567 0.148805 0.0180643 0.854425 9.87543
0.0133 0.155809 0.018166 0.871978 7.31805 0.148272 0.0179789 0.853434 9.95263
0.0134 0.155135 0.0180789 0.871242 7.41112 0.147743 0.0178936 0.852434 10.0307
0.0135 0.154465 0.0179918 0.870496 7.5049 0.147218 0.0178084 0.851427 10.1095
0.0136 0.153801 0.0179048 0.869741 7.59941 0.146696 0.0177233 0.850412 10.1891
0.0137 0.153142 0.0178178 0.868976 7.69466 0.146178 0.0176383 0.84939 10.2696
0.0138 0.152487 0.017731 0.868202 7.79068 0.145663 0.0175534 0.848358 10.351
0.0139 0.151837 0.0176442 0.867418 7.88747 0.145152 0.0174686 0.847319 10.4331
0.014 0.151192 0.0175575 0.866625 7.98507 0.144643 0.017384 0.846272 10.5161
0.0141 0.150552 0.0174709 0.865821 8.08347 0.144139 0.0172994 0.845216 10.6
0.0142 0.149916 0.0173843 0.865008 8.18271 0.143637 0.0172149 0.844152 10.6847
0.0143 0.149285 0.0172979 0.864185 8.28279 0.143139 0.0171306 0.843079 10.7703
0.0144 0.148658 0.0172115 0.863351 8.38373 0.142644 0.0170463 0.841998 10.8568
0.0145 0.148036 0.0171252 0.862508 8.48555 0.142152 0.0169622 0.840908 10.9441
0.0146 0.147418 0.017039 0.861654 8.58828 0.141663 0.0168781 0.839809 11.0324
0.0147 0.146805 0.0169529 0.86079 8.69191 0.141177 0.0167942 0.838701 11.1215
0.0148 0.146195 0.0168668 0.859916 8.79647 0.140695 0.0167104 0.837585 11.2115
0.0149 0.14559 0.0167809 0.859031 8.90199 0.140215 0.0166267 0.836459 11.3024
0.015 0.144989 0.016695 0.858135 9.00846 0.139738 0.0165431 0.835324 11.3943
0.0151 0.144393 0.0166093 0.857229 9.11592 0.139265 0.0164596 0.83418 11.487
0.0152 0.1438 0.0165236 0.856312 9.22437 0.138794 0.0163763 0.833027 11.5807
0.0153 0.143212 0.016438 0.855384 9.33384 0.138326 0.016293 0.831864 11.6753
0.0154 0.142627 0.0163525 0.854445 9.44433 0.137861 0.0162099 0.830692 11.7708
0.0155 0.142046 0.0162671 0.853495 9.55587 0.137399 0.0161269 0.82951 11.8673
0.0156 0.14147 0.0161818 0.852534 9.66848 0.13694 0.016044 0.828318 11.9647
0.0157 0.140897 0.0160966 0.851562 9.78217 0.136483 0.0159612 0.827117 12.0631
0.0158 0.140328 0.0160115 0.850578 9.89695 0.136029 0.0158786 0.825905 12.1625
0.0159 0.139762 0.0159265 0.849582 10.0128 0.135578 0.015796 0.824684 12.2628
0.016 0.139201 0.0158416 0.848575 10.1299 0.13513 0.0157136 0.823453 12.3641
0.0161 0.138643 0.0157568 0.847556 10.248 0.134684 0.0156313 0.822211 12.4663
0.0162 0.138089 0.0156721 0.846525 10.3674 0.134241 0.0155492 0.820959 12.5696
0.0163 0.137538 0.0155875 0.845483 10.4879 0.133801 0.0154672 0.819697 12.6738
0.0164 0.136991 0.015503 0.844428 10.6096 0.133363 0.0153852 0.818425 12.7791
0.0165 0.136448 0.0154186 0.843361 10.7325 0.132928 0.0153035 0.817141 12.8853
0.0166 0.135908 0.0153343 0.842281 10.8567 0.132495 0.0152218 0.815848 12.9925
0.0167 0.135372 0.0152501 0.841189 10.9821 0.132065 0.0151403 0.814543 13.1008
0.0168 0.134839 0.0151661 0.840085 11.1087 0.131637 0.0150589 0.813227 13.2101
0.0169 0.134309 0.0150821 0.838968 11.2367 0.131212 0.0149777 0.811901 13.3204
0.017 0.133783 0.0149983 0.837838 11.3659 0.130789 0.0148965 0.810563 13.4317
0.0171 0.13326 0.0149146 0.836694 11.4964 0.130369 0.0148155 0.809214 13.5441
0.0172 0.132741 0.0148309 0.835538 11.6283 0.129951 0.0147347 0.807854 13.6575
0.0173 0.132225 0.0147474 0.834369 11.7615 0.129536 0.014654 0.806483 13.772
0.0174 0.131712 0.0146641 0.833186 11.896 0.129122 0.0145734 0.8051 13.8875
0.0175 0.131202 0.0145808 0.83199 12.032 0.128712 0.014493 0.803705 14.004
0.0176 0.130696 0.0144977 0.830779 12.1693 0.128303 0.0144127 0.802299 14.1216
0.0177 0.130192 0.0144147 0.829556 12.308 0.127897 0.0143325 0.800881 14.2403
0.0178 0.129692 0.0143318 0.828318 12.4482 0.127494 0.0142525 0.799451 14.3601
0.0179 0.129195 0.014249 0.827066 12.5898 0.127092 0.0141726 0.798009 14.4809
0.018 0.128702 0.0141663 0.8258 12.7328 0.126693 0.0140929 0.796555 14.6028
0.0181 0.128211 0.0140838 0.824519 12.8773 0.126296 0.0140133 0.795088 14.7258
0.0182 0.127723 0.0140014 0.823224 13.0233 0.125902 0.0139339 0.79361 14.8498
0.0183 0.127238 0.0139192 0.821915 13.1708 0.125509 0.0138546 0.792118 14.975
0.0184 0.126757 0.0138371 0.82059 13.3197 0.125119 0.0137754 0.790615 15.1012
0.0185 0.126278 0.0137551 0.819251 13.4703 0.124731 0.0136964 0.789098 15.2285
0.0186 0.125802 0.0136732 0.817896 13.6223 0.124345 0.0136176 0.787569 15.3569
0.0187 0.125329 0.0135915 0.816526 13.7759 0.123962 0.0135389 0.786027 15.4864
0.0188 0.12486 0.0135099 0.815141 13.9311 0.12358 0.0134604 0.784472 15.617
0.0189 0.124393 0.0134285 0.81374 14.0878 0.123201 0.013382 0.782903 15.7488
0.019 0.123928 0.0133472 0.812323 14.2461 0.122823 0.0133038 0.781322 15.8816
0.0191 0.123467 0.013266 0.810891 14.4061 0.122448 0.0132258 0.779727 16.0155
0.0192 0.123009 0.013185 0.809442 14.5676 0.122075 0.0131479 0.778119 16.1505
0.0193 0.122553 0.0131041 0.807977 14.7308 0.121704 0.0130702 0.776497 16.2866
0.0194 0.1221 0.0130234 0.806496 14.8956 0.121336 0.0129926 0.774861 16.4238
0.0195 0.12165 0.0129428 0.804998 15.0621 0.120969 0.0129152 0.773212 16.5622
0.0196 0.121203 0.0128624 0.803483 15.2302 0.120604 0.0128379 0.771549 16.7016
0.0197 0.120759 0.0127821 0.801952 15.4 0.120241 0.0127609 0.769872 16.8421
0.0198 0.120317 0.012702 0.800403 15.5715 0.119881 0.012684 0.76818 16.9837
0.0199 0.119878 0.012622 0.798838 15.7447 0.119522 0.0126072 0.766475 17.1265
0.02 0.119442 0.0125422 0.797254 15.9196 0.119166 0.0125307 0.764755 17.2703
0.0201 0.119008 0.0124626 0.795654 16.0961 0.118811 0.0124543 0.763021 17.4152
0.0202 0.118577 0.0123831 0.794035 16.2744 0.118458 0.0123781 0.761272 17.5612
0.0203 0.118148 0.0123038 0.792399 16.4545 0.118108 0.012302 0.759508 17.7083
0.0204 0.117723 0.0122246 0.790744 16.6362 0.117759 0.0122262 0.75773 17.8564
0.0205 0.1173 0.0121456 0.789072 16.8197 0.117412 0.0121505 0.755937 18.0057
0.0206 0.116879 0.0120668 0.78738 17.0049 0.117067 0.012075 0.754129 18.156
0.0207 0.116461 0.0119882 0.785671 17.1919 0.116725 0.0119997 0.752306 18.3074
0.0208 0.116046 0.0119097 0.783942 17.3806 0.116384 0.0119245 0.750468 18.4598
0.0209 0.115633 0.0118314 0.782194 17.571 0.116045 0.0118496 0.748614 18.6133
0.021 0.115223 0.0117532 0.780428 17.7633 0.115708 0.0117748 0.746745 18.7678
0.0211 0.114815 0.0116753 0.778642 17.9572 0.115372 0.0117002 0.74486 18.9234
0.0212 0.11441 0.0115975 0.776836 18.153 0.115039 0.0116258 0.74296 19.08
0.0213 0.114008 0.0115199 0.775011 18.3504 0.114708 0.0115516 0.741044 19.2376
0.0214 0.113608 0.0114425 0.773166 18.5496 0.114379 0.0114776 0.739113 19.3962
0.0215 0.11321 0.0113653 0.771301 18.7506 0.114051 0.0114038 0.737165 19.5558
0.0216 0.112815 0.0112882 0.769416 18.9533 0.113726 0.0113302 0.735201 19.7163
0.0217 0.112423 0.0112114 0.76751 19.1578 0.113402 0.0112568 0.733222 19.8779
0.0218 0.112033 0.0111347 0.765584 19.364 0.11308 0.0111835 0.731226 20.0404
0.0219 0.111645 0.0110583 0.763638 19.5719 0.11276 0.0111105 0.729214 20.2038
0.022 0.11126 0.010982 0.76167 19.7815 0.112442 0.0110377 0.727185 20.3682
0.0221 0.110877 0.010906 0.759681 19.9928 0.112125 0.0109651 0.72514 20.5335
0.0222 0.110497 0.0108301 0.757671 20.2059 0.111811 0.0108927 0.723078 20.6997
0.0223 0.110119 0.0107544 0.75564 20.4206 0.111498 0.0108205 0.721 20.8667
0.0224 0.109744 0.010679 0.753587 20.6369 0.111187 0.0107485 0.718905 21.0346
0.0225 0.109371 0.0106037 0.751513 20.855 0.110878 0.0106767 0.716793 21.2034
0.0226 0.109 0.0105287 0.749416 21.0746 0.110571 0.0106051 0.714664 21.3729
0.0227 0.108632 0.0104538 0.747298 21.2959 0.110266 0.0105338 0.712518 21.5433
0.0228 0.108266 0.0103792 0.745157 21.5188 0.109962 0.0104626 0.710356 21.7144
0.0229 0.107903 0.0103048 0.742994 21.7432 0.109661 0.0103917 0.708176 21.8863
0.023 0.107542 0.0102306 0.740808 21.9692 0.109361 0.010321 0.705978 22.0589
0.0231 0.107184 0.0101566 0.7386 22.1967 0.109063 0.0102505 0.703764 22.2322
0.0232 0.106827 0.0100829 0.736369 22.4257 0.108767 0.0101802 0.701532 22.4062
0.0233 0.106474 0.0100094 0.734115 22.6562 0.108472 0.0101102 0.699283 22.5808
0.0234 0.106122 0.00993606 0.731838 22.8881 0.10818 0.0100404 0.697016 22.756
0.0235 0.105773 0.00986299 0.729537 23.1214 0.107889 0.00997078 0.694731 22.9318
0.0236 0.105426 0.00979015 0.727213 23.3561 0.1076 0.00990142 0.692429 23.1082
0.0237 0.105082 0.00971754 0.724866 23.5921 0.107312 0.0098323 0.69011 23.285
0.0238 0.10474 0.00964518 0.722495 23.8294 0.107027 0.0097634 0.687772 23.4624
0.0239 0.1044 0.00957305 0.7201 24.0679 0.106743 0.00969474 0.685417 23.6402
0.024 0.104063 0.00950116 0.717681 24.3076 0.106461 0.00962632 0.683044 23.8185
0.0241 0.103728 0.00942951 0.715239 24.5485 0.106181 0.00955814 0.680653 23.9971
0.0242 0.103395 0.00935811 0.712772 24.7905 0.105903 0.00949019 0.678245 24.176
0.0243 0.103065 0.00928696 0.71028 25.0335 0.105627 0.00942249 0.675818 24.3553
0.0244 0.102737 0.00921605 0.707765 25.2776 0.105352 0.00935503 0.673374 24.5348
0.0245 0.102412 0.00914541 0.705225 25.5225 0.105079 0.00928781 0.670911 24.7145
0.0246 0.102088 0.00907501 0.70266 25.7684 0.104808 0.00922085 0.668431 24.8944
0.0247 0.101768 0.00900487 0.700071 26.0151 0.104538 0.00915413 0.665932 25.0744
0.0248 0.101449 0.008935 0.697457 26.2625 0.104271 0.00908766 0.663416 25.2544
0.0249 0.101133 0.00886538 0.694819 26.5106 0.104005 0.00902145 0.660881 25.4346
0.025 0.100819 0.00879603 0.692155 26.7594 0.103741 0.00895548 0.658329 25.6146
0.0251 0.100507 0.00872695 0.689467 27.0087 0.103478 0.00888978 0.655759 25.7946
0.0252 0.100198 0.00865814 0.686753 27.2584 0.103218 0.00882433 0.65317 25.9745
0.0253 0.0998911 0.0085896 0.684015 27.5086 0.102959 0.00875915 0.650564 26.1542
0.0254 0.0995865 0.00852134 0.681252 27.759 0.102702 0.00869422 0.647939 26.3337
0.0255 0.0992842 0.00845335 0.678463 28.0097 0.102447 0.00862956 0.645297 26.5128
0.0256 0.0989843 0.00838565 0.67565 28.2606 0.102194 0.00856516 0.642637 26.6916
0.0257 0.0986867 0.00831822 0.672811 28.5114 0.101942 0.00850103 0.639959 26.87
0.0258 0.0983914 0.00825109 0.669948 28.7623 0.101692 0.00843717 0.637263 27.048
0.0259 0.0980985 0.00818424 0.667059 29.013 0.101444 0.00837358 0.634549 27.2253
0.026 0.0978079 0.00811768 0.664145 29.2634 0.101198 0.00831026 0.631818 27.4021
0.0261 0.0975196 0.00805141 0.661206 29.5135 0.100954 0.00824722 0.629069 27.5782
0.0262 0.0972336 0.00798544 0.658242 29.7632 0.100711 0.00818445 0.626302 27.7536
0.0263 0.09695 0.00791976 0.655253 30.0123 0.10047 0.00812196 0.623518 27.9282
0.0264 0.0966688 0.00785439 0.65224 30.2608 0.100231 0.00805975 0.620716 28.1019
0.0265 0.0963898 0.00778931 0.649201 30.5085 0.0999933 0.00799782 0.617898 28.2747
0.0266 0.0961132 0.00772455 0.646138 30.7553 0.0997576 0.00793617 0.615062 28.4464
0.0267 0.095839 0.00766009 0.64305 31.0011 0.0995239 0.0078748 0.612208 28.6171
0.0268 0.0955671 0.00759594 0.639938 31.2458 0.0992918 0.00781373 0.609338 28.7865
0.0269 0.0952975 0.0075321 0.636801 31.4892 0.0990616 0.00775294 0.606451 28.9548
0.027 0.0950303 0.00746858 0.63364 31.7312 0.0988332 0.00769244 0.603547 29.1217
0.0271 0.0947654 0.00740537 0.630455 31.9718 0.0986067 0.00763223 0.600627 29.2873
0.0272 0.0945029 0.00734249 0.627246 32.2107 0.0983818 0.00757231 0.59769 29.4513
0.0273 0.0942427 0.00727992 0.624013 32.4478 0.0981586 0.00751269 0.594737 29.6138
0.0274 0.0939849 0.00721769 0.620756 32.683 0.0979374 0.00745336 0.591767 29.7747
0.0275 0.0937295 0.00715577 0.617476 32.9162 0.0977179 0.00739434 0.588782 29.9338
0.0276 0.0934763 0.00709419 0.614173 33.1472 0.0975004 0.00733561 0.58578 30.0912
0.0277 0.0932256 0.00703294 0.610847 33.3758 0.0972844 0.00727718 0.582764 30.2467
0.0278 0.0929772 0.00697202 0.607498 33.602 0.0970704 0.00721906 0.579731 30.4001
0.0279 0.0927312 0.00691144 0.604126 33.8256 0.0968583 0.00716124 0.576684 30.5516
0.028 0.0924875 0.0068512 0.600733 34.0465 0.0966477 0.00710372 0.573621 30.7009
0.0281 0.0922462 0.00679129 0.597317 34.2644 0.0964392 0.00704651 0.570543 30.8479
0.0282 0.0920073 0.00673173 0.59388 34.4792 0.0962323 0.00698961 0.567451 30.9927
0.0283 0.0917708 0.00667252 0.590421 34.6909 0.0960273 0.00693302 0.564345 31.135
0.0284 0.0915366 0.00661365 0.586942 34.8992 0.0958239 0.00687674 0.561225 31.2748
0.0285 0.0913048 0.00655513 0.583442 35.104 0.0956225 0.00682078 0.55809 31.4121
0.0286 0.0910753 0.00649696 0.579921 35.3051 0.0954229 0.00676513 0.554942 31.5467
0.0287 0.0908483 0.00643915 0.576381 35.5024 0.0952251 0.00670979 0.551781 31.6785
0.0288 0.0906236 0.00638169 0.572821 35.6958 0.0950292 0.00665477 0.548607 31.8075
0.0289 0.0904013 0.00632458 0.569242 35.885 0.094835 0.00660007 0.545419 31.9336
0.029 0.0901814 0.00626784 0.565644 36.07 0.0946428 0.00654569 0.54222 32.0567
0.0291 0.0899639 0.00621146 0.562028 36.2505 0.0944521 0.00649163 0.539008 32.1766
0.0292 0.0897487 0.00615544 0.558394 36.4265 0.0942634 0.00643789 0.535785 32.2933
0.0293 0.0895359 0.00609978 0.554742 36.5977 0.0940765 0.00638447 0.53255 32.4068
0.0294 0.0893256 0.00604449 0.551074 36.7641 0.0938916 0.00633138 0.529303 32.5169
0.0295 0.0891176 0.00598956 0.54739 36.9255 0.0937082 0.00627861 0.526046 32.6236
0.0296 0.088912 0.00593501 0.543689 37.0817 0.0935269 0.00622617 0.522779 32.7267
0.0297 0.0887087 0.00588083 0.539973 37.2326 0.0933473 0.00617405 0.519501 32.8262
0.0298 0.0885079 0.00582702 0.536243 37.3781 0.0931694 0.00612227 0.516214 32.922
0.0299 0.0883094 0.00577358 0.532498 37.518 0.0929935 0.00607081 0.512917 33.0141
0.03 0.0881134 0.00572052 0.528739 37.6522 0.0928195 0.00601968 0.509611 33.1023
0.0301 0.0879197 0.00566783 0.524968 37.7806 0.0926471 0.00596889 0.506297 33.1865
0.0302 0.0877284 0.00561552 0.521183 37.903 0.0924766 0.00591843 0.502974 33.2668
0.0303 0.0875395 0.00556359 0.517387 38.0193 0.0923079 0.00586829 0.499643 33.3429
0.0304 0.0873529 0.00551205 0.51358 38.1294 0.0921411 0.0058185 0.496305 33.415
0.0305 0.0871688 0.00546088 0.509761 38.2332 0.0919761 0.00576903 0.492961 33.4828
0.0306 0.086987 0.00541009 0.505933 38.3305 0.0918129 0.0057199 0.489609 33.5463
0.0307 0.0868076 0.00535969 0.502095 38.4213 0.0916515 0.00567111 0.486251 33.6055
0.0308 0.0866306 0.00530968 0.498249 38.5054 0.091492 0.00562265 0.482888 33.6603
0.0309 0.0864559 0.00526004 0.494394 38.5828 0.0913343 0.00557453 0.47952 33.7106
0.031 0.0862836 0.0052108 0.490532 38.6533 0.0911783 0.00552675 0.476146 33.7563
0.0311 0.0861137 0.00516194 0.486664 38.7169 0.0910242 0.00547931 0.472768 33.7975
0.0312 0.0859462 0.00511346 0.482789 38.7736 0.090872 0.0054322 0.469387 33.8341
0.0313 0.085781 0.00506538 0.478909 38.8231 0.0907215 0.00538543 0.466002 33.8659
0.0314 0.0856181 0.00501768 0.475025 38.8655 0.0905729 0.005339 0.462614 33.8931
0.0315 0.0854577 0.00497037 0.471136 38.9006 0.090426 0.00529291 0.459223 33.9155
0.0316 0.0852995 0.00492346 0.467245 38.9286 0.090281 0.00524715 0.455831 33.933
0.0317 0.0851437 0.00487693 0.463351 38.9492 0.0901377 0.00520174 0.452437 33.9458
0.0318 0.0849903 0.00483079 0.459455 38.9624 0.0899963 0.00515667 0.449042 33.9536
0.0319 0.0848391 0.00478504 0.455558 38.9682 0.0898567 0.00511193 0.445646 33.9566
0.032 0.0846903 0.00473967 0.451661 38.9666 0.0897189 0.00506754 0.442251 33.9546
0.0321 0.0845439 0.0046947 0.447765 38.9576 0.0895828 0.00502348 0.438856 33.9477
0.0322 0.0843997 0.00465012 0.44387 38.9411 0.0894486 0.00497976 0.435461 33.9358
0.0323 0.0842578 0.00460593 0.439977 38.9172 0.0893161 0.00493639 0.432069 33.9189
0.0324 0.0841183 0.00456213 0.436087 38.8858 0.0891854 0.00489335 0.428678 33.8971
0.0325 0.083981 0.00451871 0.4322 38.8469 0.0890565 0.00485065 0.425289 33.8702
0.0326 0.083846 0.00447569 0.428317 38.8006 0.0889294 0.00480829 0.421904 33.8384
0.0327 0.0837133 0.00443305 0.42444 38.7468 0.0888041 0.00476627 0.418522 33.8015
0.0328 0.0835829 0.0043908 0.420568 38.6857 0.0886805 0.00472459 0.415144 33.7597
0.0329 0.0834547 0.00434893 0.416703 38.6172 0.0885587 0.00468324 0.41177 33.7129
0.033 0.0833287 0.00430746 0.412845 38.5414 0.0884386 0.00464223 0.408401 33.6611
0.0331 0.0832051 0.00426636 0.408995 38.4583 0.0883203 0.00460156 0.405038 33.6044
0.0332 0.0830836 0.00422566 0.405153 38.368 0.0882037 0.00456123 0.401681 33.5427
0.0333 0.0829644 0.00418533 0.401321 38.2706 0.0880888 0.00452123 0.39833 33.4762
0.0334 0.0828473 0.00414539 0.397499 38.166 0.0879757 0.00448156 0.394985 33.4048
0.0335 0.0827325 0.00410583 0.393688 38.0545 0.0878644 0.00444223 0.391649 33.3285
0.0336 0.0826199 0.00406665 0.389889 37.9361 0.0877547 0.00440323 0.38832 33.2475
0.0337 0.0825094 0.00402786 0.386101 37.8109 0.0876468 0.00436456 0.384999 33.1617
0.0338 0.0824011 0.00398943 0.382327 37.6789 0.0875405 0.00432623 0.381688 33.0712
0.0339 0.082295 0.00395139 0.378565 37.5403 0.087436 0.00428823 0.378385 32.976
0.034 0.082191 0.00391372 0.374819 37.3952 0.0873331 0.00425055 0.375093 32.8762
0.0341 0.0820891 0.00387643 0.371087 37.2437 0.087232 0.00421321 0.37181 32.7718
0.0342 0.0819894 0.0038395 0.36737 37.0859 0.0871325 0.00417619 0.368539 32.663
0.0343 0.0818917 0.00380295 0.363669 36.9219 0.0870347 0.0041395 0.365278 32.5497
0.0344 0.0817962 0.00376677 0.359986 36.7519 0.0869385 0.00410313 0.362029 32.432
0.0345 0.0817027 0.00373095 0.356319 36.576 0.086844 0.00406709 0.358792 32.31
0.0346 0.0816113 0.0036955 0.352671 36.3943 0.0867512 0.00403138 0.355567 32.1838
0.0347 0.0815219 0.00366042 0.34904 36.2071 0.08666 0.00399598 0.352355 32.0535
0.0348 0.0814346 0.00362569 0.345429 36.0143 0.0865704 0.0039609 0.349156 31.9191
0.0349 0.0813493 0.00359133 0.341838 35.8162 0.0864824 0.00392615 0.345971 31.7806
0.035 0.081266 0.00355733 0.338266 35.613 0.086396 0.00389171 0.3428 31.6383
0.0351 0.0811846 0.00352368 0.334715 35.4047 0.0863113 0.00385759 0.339644 31.4921
0.0352 0.0811053 0.00349038 0.331185 35.1916 0.0862281 0.00382378 0.336502 31.3422
0.0353 0.0810279 0.00345744 0.327677 34.9738 0.0861465 0.00379029 0.333375 31.1886
0.0354 0.0809525 0.00342485 0.324191 34.7514 0.0860665 0.0037571 0.330264 31.0314
0.0355 0.0808789 0.0033926 0.320727 34.5247 0.085988 0.00372423 0.327169 30.8708
0.0356 0.0808073 0.0033607 0.317286 34.2937 0.0859111 0.00369167 0.32409 30.7068
0.0357 0.0807376 0.00332914 0.313868 34.0587 0.0858358 0.00365941 0.321028 30.5395
0.0358 0.0806698 0.00329793 0.310474 33.8199 0.0857619 0.00362746 0.317983 30.3691
0.0359 0.0806038 0.00326705 0.307104 33.5773 0.0856896 0.00359582 0.314954 30.1955
0.036 0.0805397 0.0032365 0.303759 33.3312 0.0856188 0.00356447 0.311944 30.019
0.0361 0.0804774 0.00320629 0.300438 33.0818 0.0855495 0.00353343 0.308951 29.8396
0.0362 0.0804169 0.00317642 0.297142 32.8291 0.0854816 0.00350268 0.305976 29.6574
0.0363 0.0803582 0.00314687 0.293872 32.5735 0.0854153 0.00347223 0.303019 29.4725
0.0364 0.0803013 0.00311764 0.290628 32.3149 0.0853504 0.00344208 0.300081 29.2851
0.0365 0.0802461 0.00308874 0.287409 32.0537 0.0852869 0.00341222 0.297162 29.0952
0.0366 0.0801927 0.00306016 0.284217 31.79 0.0852249 0.00338264 0.294262 28.9029
0.0367 0.080141 0.00303189 0.281051 31.5239 0.0851643 0.00335336 0.291382 28.7083
0.0368 0.080091 0.00300395 0.277912 31.2556 0.0851052 0.00332437 0.288521 28.5116
0.0369 0.0800427 0.00297631 0.2748 30.9853 0.0850474 0.00329566 0.28568 28.3129
0.037 0.079996 0.00294899 0.271715 30.7132 0.084991 0.00326723 0.282858 28.1122
0.0371 0.079951 0.00292197 0.268658 30.4393 0.0849361 0.00323909 0.280057 27.9096
0.0372 0.0799077 0.00289525 0.265627 30.1639 0.0848824 0.00321122 0.277276 27.7053
0.0373 0.0798659 0.00286884 0.262625 29.8871 0.0848302 0.00318363 0.274516 27.4994
0.0374 0.0798258 0.00284273 0.25965 29.6091 0.0847793 0.00315631 0.271777 27.2919
0.0375 0.0797872 0.00281691 0.256703 29.3299 0.0847297 0.00312927 0.269058 27.083
0.0376 0.0797502 0.00279139 0.253784 29.0499 0.0846814 0.0031025 0.26636 26.8728
0.0377 0.0797147 0.00276615 0.250893 28.769 0.0846344 0.003076 0.263683 26.6613
0.0378 0.0796807 0.00274121 0.24803 28.4875 0.0845888 0.00304977 0.261028 26.4487
0.0379 0.0796483 0.00271655 0.245196 28.2055 0.0845444 0.00302379 0.258394 26.235
0.038 0.0796173 0.00269217 0.242389 27.923 0.0845013 0.00299809 0.255781 26.0205
0.0381 0.0795879 0.00266807 0.239611 27.6404 0.0844594 0.00297264 0.25319 25.805
0.0382 0.0795598 0.00264424 0.236861 27.3576 0.0844188 0.00294745 0.25062 25.5888
0.0383 0.0795332 0.00262069 0.234139 27.0748 0.0843794 0.00292251 0.248072 25.3719
0.0384 0.079508 0.00259741 0.231446 26.7922 0.0843412 0.00289783 0.245545 25.1545
0.0385 0.0794842 0.0025744 0.228781 26.5097 0.0843043 0.0028734 0.243041 24.9365
0.0386 0.0794618 0.00255166 0.226144 26.2277 0.0842685 0.00284922 0.240558 24.7182
0.0387 0.0794408 0.00252917 0.223535 25.9461 0.0842339 0.00282529 0.238097 24.4996
0.0388 0.0794211 0.00250695 0.220955 25.6652 0.0842005 0.0028016 0.235658 24.2807
0.0389 0.0794027 0.00248498 0.218402 25.3849 0.0841682 0.00277816 0.233241 24.0617
0.039 0.0793856 0.00246327 0.215878 25.1053 0.0841371 0.00275495 0.230846 23.8426
0.0391 0.0793698 0.00244181 0.213381 24.8267 0.0841071 0.00273199 0.228473 23.6235
0.0392 0.0793553 0.00242059 0.210913 24.5491 0.0840782 0.00270926 0.226121 23.4045
0.0393 0.079342 0.00239962 0.208471 24.2725 0.0840505 0.00268676 0.223792 23.1856
0.0394 0.07933 0.0023789 0.206058 23.9971 0.0840238 0.0026645 0.221484 22.967
0.0395 0.0793192 0.00235841 0.203672 23.7229 0.0839982 0.00264247 0.219198 22.7487
0.0396 0.0793096 0.00233816 0.201313 23.4501 0.0839736 0.00262066 0.216934 22.5308
0.0397 0.0793012 0.00231815 0.198982 23.1786 0.0839501 0.00259908 0.214692 22.3133
0.0398 0.0792939 0.00229836 0.196678 22.9086 0.0839277 0.00257772 0.212472 22.0963
0.0399 0.0792878 0.00227881 0.1944 22.6402 0.0839063 0.00255658 0.210273 21.8798
0.04 0.0792828 0.00225948 0.19215 22.3734 0.0838859 0.00253566 0.208096 21.664
0.0401 0.079279 0.00224038 0.189926 22.1082 0.0838665 0.00251496 0.20594 21.4489
0.0402 0.0792763 0.0022215 0.187728 21.8448 0.0838481 0.00249448 0.203806 21.2345
0.0403 0.0792746 0.00220283 0.185557 21.5831 0.0838306 0.0024742 0.201693 21.0209
0.0404 0.079274 0.00218438 0.183411 21.3233 0.0838142 0.00245414 0.199602 20.8081
0.0405 0.0792745 0.00216615 0.181292 21.0654 0.0837987 0.00243428 0.197531 20.5962
0.0406 0.079276 0.00214812 0.179198 20.8095 0.0837841 0.00241463 0.195482 20.3853
0.0407 0.0792785 0.00213031 0.17713 20.5555 0.0837705 0.00239518 0.193454 20.1754
0.0408 0.079282 0.0021127 0.175087 20.3035 0.0837578 0.00237594 0.191447 19.9664
0.0409 0.0792866 0.00209529 0.173069 20.0536 0.083746 0.00235689 0.189461 19.7586
0.041 0.0792921 0.00207808 0.171076 19.8058 0.0837351 0.00233805 0.187496 19.5519
0.0411 0.0792985 0.00206107 0.169108 19.5602 0.083725 0.00231939 0.185551 19.3463
0.0412 0.0793059 0.00204426 0.167164 19.3167 0.0837159 0.00230093 0.183626 19.142
0.0413 0.0793142 0.00202764 0.165245 19.0754 0.0837076 0.00228267 0.181722 18.9388
0.0414 0.0793235 0.00201121 0.163349 18.8363 0.0837002 0.00226459 0.179838 18.7369
0.0415 0.0793336 0.00199497 0.161477 18.5995 0.0836936 0.0022467 0.177975 18.5364
0.0416 0.0793447 0.00197891 0.159629 18.3649 0.0836878 0.00222899 0.176131 18.3371
0.0417 0.0793566 0.00196304 0.157804 18.1326 0.0836828 0.00221147 0.174307 18.1392
0.0418 0.0793693 0.00194735 0.156003 17.9027 0.0836787 0.00219413 0.172503 17.9427
0.0419 0.0793829 0.00193184 0.154224 17.675 0.0836753 0.00217697 0.170719 17.7475
0.042 0.0793974 0.00191651 0.152468 17.4497 0.0836727 0.00215999 0.168954 17.5538
0.0421 0.0794126 0.00190135 0.150734 17.2267 0.0836709 0.00214318 0.167208 17.3616
0.0422 0.0794287 0.00188636 0.149022 17.0061 0.0836699 0.00212655 0.165481 17.1708
0.0423 0.0794455 0.00187154 0.147333 16.7878 0.0836696 0.00211008 0.163774 16.9815
0.0424 0.0794631 0.00185689 0.145665 16.5719 0.08367 0.00209379 0.162085 16.7938
0.0425 0.0794815 0.00184241 0.144018 16.3584 0.0836712 0.00207766 0.160415 16.6075
0.0426 0.0795007 0.00182809 0.142393 16.1472 0.0836731 0.00206171 0.158763 16.4228
0.0427 0.0795205 0.00181393 0.140789 15.9385 0.0836757 0.00204591 0.15713 16.2397
0.0428 0.0795411 0.00179993 0.139205 15.7321 0.083679 0.00203028 0.155515 16.0581
0.0429 0.0795624 0.00178609 0.137642 15.528 0.083683 0.00201481 0.153919 15.8781
0.043 0.0795844 0.0017724 0.136099 15.3264 0.0836877 0.0019995 0.15234 15.6997
0.0431 0.0796071 0.00175887 0.134577 15.1271 0.0836931 0.00198434 0.150779 15.5228
0.0432 0.0796305 0.00174549 0.133074 14.9301 0.0836991 0.00196934 0.149235 15.3476
0.0433 0.0796546 0.00173225 0.131591 14.7356 0.0837057 0.00195449 0.147709 15.174
0.0434 0.0796793 0.00171917 0.130127 14.5433 0.083713 0.0019398 0.1462 15.0021
0.0435 0.0797046 0.00170623 0.128682 14.3534 0.0837209 0.00192525 0.144709 14.8317
0.0436 0.0797306 0.00169343 0.127256 14.1659 0.0837295 0.00191085 0.143234 14.663
0.0437 0.0797571 0.00168077 0.125849 13.9806 0.0837386 0.0018966 0.141776 14.4959
0.0438 0.0797843 0.00166826 0.12446 13.7976 0.0837484 0.0018825 0.140335 14.3305
0.0439 0.0798121 0.00165588 0.123089 13.617 0.0837588 0.00186854 0.13891 14.1666
0.044 0.0798405 0.00164364 0.121737 13.4386 0.0837697 0.00185472 0.137501 14.0045
0.0441 0.0798694 0.00163153 0.120402 13.2625 0.0837812 0.00184104 0.136109 13.8439
0.0442 0.079899 0.00161956 0.119084 13.0886 0.0837933 0.00182749 0.134732 13.685
0.0443 0.079929 0.00160772 0.117784 12.917 0.083806 0.00181409 0.133372 13.5277
0.0444 0.0799596 0.001596 0.116501 12.7476 0.0838192 0.00180082 0.132027 13.3721
0.0445 0.0799908 0.00158442 0.115234 12.5804 0.0838329 0.00178768 0.130697 13.218
0.0446 0.0800225 0.00157295 0.113984 12.4154 0.0838472 0.00177468 0.129383 13.0657
0.0447 0.0800547 0.00156162 0.112751 12.2525 0.083862 0.00176181 0.128084 12.9149
0.0448 0.0800874 0.0015504 0.111534 12.0918 0.0838773 0.00174906 0.1268 12.7657
0.0449 0.0801206 0.00153931 0.110333 11.9332 0.0838932 0.00173645 0.125531 12.6182
0.045 0.0801542 0.00152834 0.109147 11.7768 0.0839095 0.00172395 0.124276 12.4722
0.0451 0.0801884 0.00151748 0.107977 11.6224 0.0839263 0.00171159 0.123036 12.3278
0.0452 0.080223 0.00150674 0.106823 11.4701 0.0839437 0.00169935 0.121811 12.1851
0.0453 0.0802581 0.00149612 0.105683 11.3199 0.0839614 0.00168723 0.120599 12.0439
0.0454 0.0802937 0.0014856 0.104559 11.1717 0.0839797 0.00167523 0.119402 11.9043
0.0455 0.0803297 0.0014752 0.103449 11.0255 0.0839984 0.00166335 0.118218 11.7662
0.0456 0.0803661 0.00146491 0.102354 10.8813 0.0840176 0.00165158 0.117049 11.6297
0.0457 0.0804029 0.00145473 0.101273 10.7391 0.0840373 0.00163994 0.115892 11.4948
0.0458 0.0804402 0.00144466 0.100206 10.5988 0.0840574 0.0016284 0.11475 11.3614
0.0459 0.0804779 0.00143469 0.0991528 10.4605 0.0840779 0.00161699 0.11362 11.2295
0.046 0.080516 0.00142483 0.0981136 10.3241 0.0840988 0.00160568 0.112504 11.0991
0.0461 0.0805544 0.00141507 0.0970879 10.1895 0.0841202 0.00159448 0.1114 10.9702
0.0462 0.0805933 0.00140541 0.0960756 10.0569 0.084142 0.0015834 0.11031 10.8429
0.0463 0.0806325 0.00139585 0.0950765 9.92604 0.0841641 0.00157242 0.109232 10.717
0.0464 0.0806721 0.00138639 0.0940904 9.79704 0.0841867 0.00156155 0.108166 10.5926
0.0465 0.0807121 0.00137703 0.0931171 9.66984 0.0842097 0.00155079 0.107113 10.4696
0.0466 0.0807524 0.00136777 0.0921564 9.54442 0.0842331 0.00154013 0.106072 10.3481
0.0467 0.0807931 0.0013586 0.0912082 9.42076 0.0842569 0.00152957 0.105043 10.2281
0.0468 0.0808341 0.00134953 0.0902722 9.29884 0.084281 0.00151912 0.104027 10.1094
0.0469 0.0808755 0.00134055 0.0893484 9.17864 0.0843055 0.00150877 0.103021 9.99222
0.047 0.0809172 0.00133166 0.0884365 9.06013 0.0843303 0.00149852 0.102028 9.8764
0.0471 0.0809592 0.00132286 0.0875363 8.9433 0.0843556 0.00148836 0.101046 9.76197
0.0472 0.0810015 0.00131415 0.0866478 8.82812 0.0843811 0.00147831 0.100076 9.64892
0.0473 0.0810442 0.00130553 0.0857707 8.71457 0.0844071 0.00146835 0.0991163 9.53723
0.0474 0.0810871 0.001297 0.0849048 8.60263 0.0844333 0.00145848 0.0981681 9.4269
0.0475 0.0811303 0.00128855 0.0840501 8.49228 0.0844599 0.00144871 0.0972309 9.3179
0.0476 0.0811739 0.00128019 0.0832064 8.3835 0.0844868 0.00143904 0.0963045 9.21023
0.0477 0.0812177 0.00127191 0.0823734 8.27627 0.0845141 0.00142945 0.0953888 9.10387
0.0478 0.0812618 0.00126371 0.0815511 8.17056 0.0845416 0.00141996 0.0944837 8.99881
0.0479 0.0813061 0.0012556 0.0807393 8.06636 0.0845695 0.00141055 0.093589 8.89503
0.048 0.0813507 0.00124756 0.0799378 7.96365 0.0845977 0.00140124 0.0927046 8.79254
0.0481 0.0813956 0.00123961 0.0791465 7.8624 0.0846262 0.00139201 0.0918304 8.6913
0.0482 0.0814408 0.00123173 0.0783653 7.7626 0.084655 0.00138287 0.0909663 8.5913
0.0483 0.0814862 0.00122393 0.077594 7.66422 0.0846841 0.00137382 0.0901121 8.49254
0.0484 0.0815318 0.00121621 0.0768324 7.56725 0.0847134 0.00136485 0.0892678 8.39501
0.0485 0.0815777 0.00120857 0.0760805 7.47166 0.0847431 0.00135597 0.0884331 8.29868
0.0486 0.0816238 0.001201 0.075338 7.37744 0.084773 0.00134716 0.087608 8.20354
0.0487 0.0816701 0.0011935 0.074605 7.28458 0.0848032 0.00133844 0.0867924 8.10959
0.0488 0.0817167 0.00118608 0.0738811 7.19303 0.0848336 0.0013298 0.085986 8.0168
0.0489 0.0817635 0.00117872 0.0731663 7.1028 0.0848643 0.00132125 0.085189 7.92517
0.049 0.0818105 0.00117144 0.0724605 7.01386 0.0848953 0.00131277 0.084401 7.83468
0.0491 0.0818577 0.00116423 0.0717635 6.92619 0.0849266 0.00130437 0.083622 7.74532
0.0492 0.0819051 0.00115709 0.0710753 6.83978 0.084958 0.00129604 0.0828519 7.65708
0.0493 0.0819527 0.00115002 0.0703956 6.7546 0.0849898 0.00128779 0.0820905 7.56994
0.0494 0.0820005 0.00114301 0.0697243 6.67065 0.0850217 0.00127962 0.0813378 7.48389
0.0495 0.0820485 0.00113607 0.0690614 6.58789 0.0850539 0.00127153 0.0805937 7.39892
0.0496 0.0820967 0.0011292 0.0684067 6.50631 0.0850864 0.0012635 0.079858 7.31502
0.0497 0.082145 0.00112239 0.0677601 6.4259 0.085119 0.00125555 0.0791307 7.23217
0.0498 0.0821936 0.00111564 0.0671215 6.34664 0.0851519 0.00124768 0.0784116 7.15035
0.0499 0.0822423 0.00110896 0.0664908 6.26851 0.085185 0.00123987 0.0777006 7.06957
0.05 0.0822911 0.00110235 0.0658678 6.1915 0.0852184 0.00123214 0.0769976 6.9898
0.0501 0.0823402 0.00109579 0.0652525 6.11559 0.0852519 0.00122447 0.0763026 6.91104
0.0502 0.0823894 0.0010893 0.0646447 6.04075 0.0852856 0.00121688 0.0756154 6.83326
0.0503 0.0824387 0.00108286 0.0640443 5.96699 0.0853196 0.00120935 0.0749359 6.75647
0.0504 0.0824883 0.00107649 0.0634513 5.89427 0.0853537 0.00120189 0.074264 6.68064
0.0505 0.0825379 0.00107017 0.0628654 5.82259 0.0853881 0.0011945 0.0735997 6.60576
0.0506 0.0825877 0.00106391 0.0622867 5.75193 0.0854226 0.00118717 0.0729429 6.53183
0.0507 0.0826377 0.00105771 0.061715 5.68227 0.0854574 0.00117991 0.0722933 6.45883
0.0508 0.0826878 0.00105157 0.0611503 5.6136 0.0854923 0.00117271 0.0716511 6.38675
0.0509 0.082738 0.00104548 0.0605923 5.54591 0.0855274 0.00116558 0.0710159 6.31558
0.051 0.0827883 0.00103945 0.0600411 5.47917 0.0855626 0.00115851 0.0703879 6.24531
0.0511 0.0828388 0.00103347 0.0594964 5.41338 0.0855981 0.0011515 0.0697669 6.17592
0.0512 0.0828894 0.00102755 0.0589584 5.34852 0.0856337 0.00114455 0.0691527 6.1074
0.0513 0.0829401 0.00102168 0.0584267 5.28458 0.0856695 0.00113767 0.0685453 6.03975
0.0514 0.082991 0.00101587 0.0579014 5.22154 0.0857055 0.00113084 0.0679447 5.97295
0.0515 0.0830419 0.0010101 0.0573824 5.15938 0.0857416 0.00112408 0.0673507 5.90699
0.0516 0.083093 0.00100439 0.0568695 5.09811 0.0857779 0.00111737 0.0667633 5.84187
0.0517 0.0831442 0.000998728 0.0563628 5.03769 0.0858143 0.00111073 0.0661823 5.77756
0.0518 0.0831954 0.000993117 0.055862 4.97813 0.0858509 0.00110414 0.0656078 5.71406
0.0519 0.0832468 0.000987556 0.0553671 4.9194 0.0858876 0.0010976 0.0650395 5.65136
0.052 0.0832983 0.000982043 0.0548781 4.8615 0.0859245 0.00109113 0.0644775 5.58945
0.0521 0.0833499 0.00097658 0.0543948 4.8044 0.0859615 0.00108471 0.0639216 5.52832
0.0522 0.0834015 0.000971164 0.0539172 4.74811 0.0859987 0.00107834 0.0633718 5.46795
0.0523 0.0834533 0.000965796 0.0534452 4.6926 0.086036 0.00107203 0.062828 5.40834
0.0524 0.0835051 0.000960475 0.0529787 4.63786 0.0860735 0.00106578 0.0622901 5.34948
0.0525 0.0835571 0.0009552 0.0525176 4.58389 0.0861111 0.00105958 0.061758 5.29136
0.0526 0.0836091 0.000949971 0.0520619 4.53067 0.0861488 0.00105343 0.0612318 5.23397
0.0527 0.0836612 0.000944788 0.0516114 4.47819 0.0861866 0.00104733 0.0607112 5.1773
0.0528 0.0837133 0.000939649 0.0511662 4.42644 0.0862246 0.00104128 0.0601963 5.12134
0.0529 0.0837656 0.000934554 0.0507261 4.3754 0.0862627 0.00103529 0.0596869 5.06607
0.053 0.0838179 0.000929503 0.0502911 4.32507 0.0863009 0.00102935 0.0591831 5.0115
0.0531 0.0838703 0.000924496 0.0498611 4.27544 0.0863392 0.00102345 0.0586846 4.95761
0.0532 0.0839227 0.000919531 0.049436 4.22649 0.0863777 0.00101761 0.0581915 4.90439
0.0533 0.0839752 0.000914608 0.0490158 4.17822 0.0864162 0.00101181 0.0577037 4.85184
0.0534 0.0840278 0.000909728 0.0486004 4.1306 0.0864549 0.00100607 0.0572211 4.79994
0.0535 0.0840804 0.000904888 0.0481897 4.08365 0.0864937 0.00100037 0.0567437 4.74869
0.0536 0.0841331 0.00090009 0.0477836 4.03734 0.0865326 0.00099472 0.0562714 4.69808
0.0537 0.0841859 0.000895331 0.0473822 3.99166 0.0865715 0.000989116 0.0558041 4.6481
0.0538 0.0842387 0.000890613 0.0469853 3.9466 0.0866106 0.000983559 0.0553417 4.59873
0.0539 0.0842915 0.000885934 0.0465929 3.90216 0.0866498 0.000978047 0.0548843 4.54998
0.054 0.0843444 0.000881294 0.0462049 3.85833 0.0866891 0.000972582 0.0544317 4.50184
0.0541 0.0843974 0.000876693 0.0458212 3.81509 0.0867285 0.000967161 0.0539839 4.45429
0.0542 0.0844504 0.00087213 0.0454418 3.77244 0.0867679 0.000961785 0.0535408 4.40733
0.0543 0.0845034 0.000867604 0.0450667 3.73037 0.0868075 0.000956452 0.0531024 4.36095
0.0544 0.0845565 0.000863116 0.0446957 3.68887 0.0868472 0.000951164 0.0526686 4.31514
0.0545 0.0846096 0.000858665 0.0443289 3.64793 0.0868869 0.000945919 0.0522394 4.2699
0.0546 0.0846627 0.00085425 0.0439662 3.60754 0.0869267 0.000940716 0.0518146 4.22521
0.0547 0.0847159 0.000849872 0.0436074 3.56769 0.0869666 0.000935556 0.0513943 4.18108
0.0548 0.0847691 0.000845529 0.0432526 3.52838 0.0870066 0.000930437 0.0509784 4.13749
0.0549 0.0848224 0.000841221 0.0429017 3.4896 0.0870467 0.00092536 0.0505668 4.09443
0.055 0.0848757 0.000836948 0.0425547 3.45134 0.0870868 0.000920323 0.0501595 4.0519
0.0551 0.084929 0.00083271 0.0422114 3.41358 0.087127 0.000915328 0.0497564 4.0099
0.0552 0.0849823 0.000828506 0.041872 3.37634 0.0871673 0.000910372 0.0493575 3.9684
0.0553 0.0850357 0.000824336 0.0415362 3.33959 0.0872077 0.000905456 0.0489627 3.92742
0.0554 0.0850891 0.000820199 0.041204 3.30332 0.0872481 0.000900579 0.048572 3.88694
0.0555 0.0851425 0.000816095 0.0408755 3.26754 0.0872886 0.000895742 0.0481853 3.84694
0.0556 0.0851959 0.000812023 0.0405505 3.23224 0.0873291 0.000890942 0.0478026 3.80744
0.0557 0.0852493 0.000807984 0.040229 3.1974 0.0873698 0.000886181 0.0474238 3.76842
0.0558 0.0853028 0.000803978 0.039911 3.16302 0.0874105 0.000881457 0.0470489 3.72987
0.0559 0.0853563 0.000800002 0.0395964 3.12909 0.0874512 0.000876771 0.0466778 3.69179
0.056 0.0854097 0.000796058 0.0392852 3.09561 0.087492 0.000872122 0.0463105 3.65417
0.0561 0.0854632 0.000792145 0.0389773 3.06257 0.0875329 0.000867509 0.045947 3.61701
0.0562 0.0855167 0.000788263 0.0386727 3.02996 0.0875738 0.000862932 0.0455871 3.58029
0.0563 0.0855703 0.00078441 0.0383713 2.99778 0.0876148 0.000858391 0.0452309 3.54402
0.0564 0.0856238 0.000780588 0.0380731 2.96602 0.0876558 0.000853886 0.0448783 3.50819
0.0565 0.0856773 0.000776796 0.0377781 2.93467 0.0876969 0.000849415 0.0445292 3.47279
0.0566 0.0857309 0.000773032 0.0374862 2.90373 0.0877381 0.00084498 0.0441837 3.43781
0.0567 0.0857844 0.000769298 0.0371973 2.8732 0.0877792 0.000840579 0.0438417 3.40325
0.0568 0.0858379 0.000765593 0.0369115 2.84305 0.0878205 0.000836211 0.043503 3.36911
0.0569 0.0858915 0.000761916 0.0366287 2.8133 0.0878617 0.000831878 0.0431678 3.33538
0.057 0.085945 0.000758267 0.0363489 2.78393 0.0879031 0.000827578 0.0428359 3.30205
0.0571 0.0859986 0.000754646 0.0360719 2.75494 0.0879444 0.000823311 0.0425074 3.26912
0.0572 0.0860521 0.000751053 0.0357979 2.72632 0.0879858 0.000819076 0.0421821 3.23658
0.0573 0.0861057 0.000747486 0.0355267 2.69807 0.0880273 0.000814874 0.0418601 3.20443
0.0574 0.0861592 0.000743947 0.0352582 2.67018 0.0880688 0.000810704 0.0415412 3.17266
0.0575 0.0862127 0.000740435 0.0349926 2.64265 0.0881103 0.000806566 0.0412255 3.14127
0.0576 0.0862662 0.000736949 0.0347297 2.61547 0.0881519 0.000802459 0.0409129 3.11025
0.0577 0.0863198 0.000733489 0.0344695 2.58863 0.0881935 0.000798383 0.0406035 3.07959
0.0578 0.0863733 0.000730055 0.034212 2.56213 0.0882351 0.000794338 0.040297 3.0493
0.0579 0.0864267 0.000726646 0.0339571 2.53597 0.0882768 0.000790323 0.0399936 3.01937
0.058 0.0864802 0.000723263 0.0337048 2.51015 0.0883185 0.000786339 0.0396931 2.98979
0.0581 0.0865337 0.000719905 0.033455 2.48464 0.0883602 0.000782385 0.0393956 2.96055
0.0582 0.0865872 0.000716572 0.0332078 2.45946 0.088402 0.00077846 0.039101 2.93167
0.0583 0.0866406 0.000713263 0.0329631 2.4346 0.0884437 0.000774564 0.0388093 2.90312
0.0584 0.086694 0.000709979 0.0327209 2.41004 0.0884856 0.000770698 0.0385204 2.8749
0.0585 0.0867474 0.000706719 0.0324811 2.3858 0.0885274 0.00076686 0.0382343 2.84701
0.0586 0.0868008 0.000703483 0.0322438 2.36186 0.0885693 0.000763051 0.037951 2.81945
0.0587 0.0868542 0.00070027 0.0320088 2.33821 0.0886112 0.00075927 0.0376704 2.79221
0.0588 0.0869076 0.000697081 0.0317761 2.31486 0.0886531 0.000755517 0.0373925 2.76529
0.0589 0.0869609 0.000693915 0.0315458 2.2918 0.088695 0.000751791 0.0371173 2.73868
0.059 0.0870142 0.000690772 0.0313177 2.26903 0.088737 0.000748093 0.0368448 2.71238
0.0591 0.0870675 0.000687651 0.031092 2.24654 0.0887789 0.000744422 0.0365748 2.68639
0.0592 0.0871208 0.000684553 0.0308684 2.22432 0.0888209 0.000740778 0.0363075 2.66069
0.0593 0.087174 0.000681478 0.0306471 2.20238 0.088863 0.000737161 0.0360427 2.63529
0.0594 0.0872272 0.000678424 0.0304279 2.18071 0.088905 0.00073357 0.0357804 2.61019
0.0595 0.0872804 0.000675392 0.030211 2.1593 0.088947 0.000730005 0.0355206 2.58537
0.0596 0.0873336 0.000672382 0.0299961 2.13816 0.0889891 0.000726465 0.0352633 2.56084
0.0597 0.0873868 0.000669393 0.0297833 2.11727 0.0890312 0.000722952 0.0350085 2.53659
0.0598 0.0874399 0.000666425 0.0295726 2.09664 0.0890733 0.000719464 0.034756 2.51261
0.0599 0.087493 0.000663478 0.029364 2.07626 0.0891154 0.000716001 0.0345059 2.48891
0.06 0.087546 0.000660552 0.0291574 2.05613 0.0891575 0.000712562 0.0342582 2.46549
0.0601 0.0875991 0.000657647 0.0289528 2.03624 0.0891996 0.000709149 0.0340128 2.44233
0.0602 0.0876521 0.000654761 0.0287501 2.01659 0.0892417 0.00070576 0.0337697 2.41943
0.0603 0.087705 0.000651896 0.0285494 1.99718 0.0892839 0.000702395 0.0335289 2.39679
0.0604 0.087758 0.000649051 0.0283507 1.978 0.089326 0.000699054 0.0332904 2.37441
0.0605 0.0878109 0.000646226 0.0281538 1.95905 0.0893682 0.000695737 0.033054 2.35228
0.0606 0.0878638 0.000643421 0.0279589 1.94033 0.0894103 0.000692443 0.0328199 2.33041
0.0607 0.0879166 0.000640634 0.0277658 1.92184 0.0894525 0.000689173 0.0325879 2.30878
0.0608 0.0879694 0.000637867 0.0275745 1.90356 0.0894947 0.000685925 0.0323581 2.28739
0.0609 0.0880222 0.000635119 0.027385 1.8855 0.0895369 0.000682701 0.0321305 2.26624
0.061 0.0880749 0.00063239 0.0271974 1.86766 0.0895791 0.000679499 0.0319049 2.24534
0.0611 0.0881276 0.00062968 0.0270115 1.85003 0.0896212 0.00067632 0.0316814 2.22466
0.0612 0.0881803 0.000626988 0.0268274 1.8326 0.0896634 0.000673163 0.0314599 2.20422
0.0613 0.0882329 0.000624314 0.026645 1.81538 0.0897056 0.000670028 0.0312405 2.184
0.0614 0.0882855 0.000621659 0.0264643 1.79837 0.0897478 0.000666915 0.0310231 2.16401
0.0615 0.0883381 0.000619021 0.0262853 1.78155 0.08979 0.000663823 0.0308077 2.14425
0.0616 0.0883906 0.000616402 0.026108 1.76494 0.0898322 0.000660753 0.0305943 2.1247
0.0617 0.088443 0.0006138 0.0259323 1.74851 0.0898744 0.000657704 0.0303828 2.10537
0.0618 0.0884955 0.000611215 0.0257583 1.73228 0.0899166 0.000654676 0.0301732 2.08625
0.0619 0.0885479 0.000608648 0.0255859 1.71624 0.0899588 0.00065167 0.0299655 2.06735
0.062 0.0886002 0.000606098 0.025415 1.70039 0.0900009 0.000648683 0.0297597 2.04865
0.0621 0.0886525 0.000603565 0.0252458 1.68472 0.0900431 0.000645718 0.0295558 2.03016
0.0622 0.0887048 0.000601049 0.0250781 1.66923 0.0900853 0.000642772 0.0293537 2.01188
0.0623 0.088757 0.000598549 0.0249119 1.65392 0.0901275 0.000639847 0.0291534 1.99379
0.0624 0.0888092 0.000596066 0.0247473 1.63878 0.0901696 0.000636941 0.0289549 1.9759
0.0625 0.0888614 0.0005936 0.0245842 1.62382 0.0902118 0.000634056 0.0287582 1.95821
0.0626 0.0889135 0.00059115 0.0244225 1.60904 0.0902539 0.00063119 0.0285633 1.94071
0.0627 0.0889655 0.000588715 0.0242624 1.59442 0.0902961 0.000628343 0.0283701 1.92341
0.0628 0.0890175 0.000586297 0.0241036 1.57997 0.0903382 0.000625516 0.0281786 1.90629
0.0629 0.0890695 0.000583895 0.0239464 1.56568 0.0903803 0.000622707 0.0279888 1.88935
0.063 0.0891214 0.000581508 0.0237905 1.55156 0.0904224 0.000619918 0.0278007 1.87261
0.0631 0.0891733 0.000579136 0.023636 1.53759 0.0904645 0.000617147 0.0276143 1.85604
0.0632 0.0892251 0.00057678 0.023483 1.52379 0.0905066 0.000614395 0.0274295 1.83965
0.0633 0.0892769 0.00057444 0.0233313 1.51014 0.0905487 0.000611661 0.0272463 1.82344
0.0634 0.0893286 0.000572114 0.023181 1.49665 0.0905908 0.000608946 0.0270648 1.8074
0.0635 0.0893803 0.000569804 0.023032 1.48331 0.0906328 0.000606248 0.0268848 1.79153
0.0636 0.089432 0.000567508 0.0228843 1.47011 0.0906749 0.000603569 0.0267065 1.77584
0.0637 0.0894836 0.000565227 0.0227379 1.45707 0.0907169 0.000600907 0.0265297 1.76031
0.0638 0.0895351 0.00056296 0.0225929 1.44417 0.090759 0.000598263 0.0263544 1.74495
0.0639 0.0895866 0.000560708 0.0224491 1.43142 0.090801 0.000595636 0.0261807 1.72976
0.064 0.0896381 0.00055847 0.0223066 1.41881 0.090843 0.000593026 0.0260085 1.71472
0.0641 0.0896895 0.000556247 0.0221653 1.40634 0.0908849 0.000590434 0.0258377 1.69985
0.0642 0.0897408 0.000554037 0.0220253 1.394 0.0909269 0.000587859 0.0256685 1.68513
0.0643 0.0897921 0.000551842 0.0218865 1.38181 0.0909688 0.0005853 0.0255007 1.67057
0.0644 0.0898434 0.00054966 0.021749 1.36975 0.0910108 0.000582759 0.0253344 1.65617
0.0645 0.0898946 0.000547492 0.0216126 1.35782 0.0910527 0.000580233 0.0251695 1.64191
0.0646 0.0899457 0.000545337 0.0214774 1.34602 0.0910946 0.000577725 0.025006 1.62781
0.0647 0.0899968 0.000543196 0.0213434 1.33435 0.0911365 0.000575232 0.0248439 1.61386
0.0648 0.0900478 0.000541069 0.0212105 1.32282 0.0911783 0.000572756 0.0246832 1.60005
0.0649 0.0900988 0.000538954 0.0210788 1.3114 0.0912202 0.000570295 0.0245239 1.58639
0.065 0.0901498 0.000536853 0.0209482 1.30011 0.091262 0.000567851 0.0243659 1.57287
0.0651 0.0902007 0.000534764 0.0208188 1.28895 0.0913038 0.000565422 0.0242093 1.55949
0.0652 0.0902515 0.000532689 0.0206904 1.27791 0.0913456 0.000563009 0.024054 1.54625
0.0653 0.0903023 0.000530626 0.0205632 1.26698 0.0913874 0.000560611 0.0239 1.53315
0.0654 0.090353 0.000528576 0.020437 1.25617 0.0914291 0.000558229 0.0237474 1.52018
0.0655 0.0904037 0.000526539 0.020312 1.24549 0.0914708 0.000555862 0.023596 1.50735
0.0656 0.0904543 0.000524514 0.0201879 1.23491 0.0915125 0.00055351 0.0234459 1.49466
0.0657 0.0905049 0.000522501 0.020065 1.22445 0.0915542 0.000551173 0.0232971 1.48209
0.0658 0.0905554 0.000520501 0.019943 1.2141 0.0915959 0.00054885 0.0231495 1.46966
0.0659 0.0906059 0.000518513 0.0198222 1.20387 0.0916375 0.000546543 0.0230031 1.45735
0.066 0.0906563 0.000516536 0.0197023 1.19374 0.0916792 0.00054425 0.022858 1.44517
0.0661 0.0907067 0.000514572 0.0195834 1.18372 0.0917207 0.000541971 0.0227141 1.43311
0.0662 0.090757 0.00051262 0.0194655 1.17381 0.0917623 0.000539707 0.0225714 1.42118
0.0663 0.0908072 0.000510679 0.0193486 1.164 0.0918039 0.000537457 0.0224299 1.40937
0.0664 0.0908574 0.00050875 0.0192327 1.1543 0.0918454 0.000535221 0.0222895 1.39768
0.0665 0.0909075 0.000506832 0.0191178 1.14469 0.0918869 0.000532999 0.0221503 1.38611
0.0666 0.0909576 0.000504926 0.0190038 1.13519 0.0919284 0.000530791 0.0220123 1.37466
0.0667 0.0910076 0.000503032 0.0188907 1.1258 0.0919698 0.000528596 0.0218754 1.36332
0.0668 0.0910576 0.000501148 0.0187786 1.11649 0.0920113 0.000526416 0.0217396 1.3521
0.0669 0.0911075 0.000499276 0.0186674 1.10729 0.0920527 0.000524248 0.021605 1.341
0.067 0.0911574 0.000497415 0.0185572 1.09818 0.092094 0.000522095 0.0214714 1.33
0.0671 0.0912072 0.000495564 0.0184478 1.08917 0.0921354 0.000519954 0.0213389 1.31912
0.0672 0.0912569 0.000493725 0.0183393 1.08026 0.0921767 0.000517827 0.0212076 1.30834
0.0673 0.0913066 0.000491896 0.0182317 1.07143 0.092218 0.000515712 0.0210773 1.29768
0.0674 0.0913563 0.000490079 0.018125 1.0627 0.0922593 0.000513611 0.020948 1.28712
0.0675 0.0914058 0.000488271 0.0180192 1.05405 0.0923005 0.000511523 0.0208198 1.27667
0.0676 0.0914554 0.000486475 0.0179142 1.0455 0.0923418 0.000509447 0.0206927 1.26632
0.0677 0.0915048 0.000484689 0.0178101 1.03704 0.092383 0.000507384 0.0205666 1.25608
0.0678 0.0915542 0.000482913 0.0177068 1.02866 0.0924241 0.000505334 0.0204415 1.24593
0.0679 0.0916036 0.000481147 0.0176044 1.02037 0.0924653 0.000503296 0.0203174 1.23589
0.068 0.0916529 0.000479392 0.0175027 1.01216 0.0925064 0.00050127 0.0201943 1.22595
0.0681 0.0917021 0.000477647 0.0174019 1.00404 0.0925475 0.000499257 0.0200722 1.21611
0.0682 0.0917513 0.000475911 0.0173019 0.995995 0.0925885 0.000497256 0.0199511 1.20636
0.0683 0.0918004 0.000474186 0.0172027 0.988037 0.0926295 0.000495267 0.0198309 1.19672
0.0684 0.0918494 0.000472471 0.0171043 0.98016 0.0926705 0.00049329 0.0197117 1.18716
0.0685 0.0918984 0.000470765 0.0170067 0.972363 0.0927115 0.000491324 0.0195935 1.1777
0.0686 0.0919474 0.000469069 0.0169099 0.964644 0.0927524 0.000489371 0.0194762 1.16834
0.0687 0.0919963 0.000467383 0.0168138 0.957004 0.0927933 0.000487429 0.0193598 1.15906
0.0688 0.0920451 0.000465707 0.0167185 0.949441 0.0928342 0.000485499 0.0192444 1.14988
0.0689 0.0920939 0.00046404 0.0166239 0.941954 0.0928751 0.00048358 0.0191298 1.14078
0.069 0.0921426 0.000462382 0.0165301 0.934542 0.0929159 0.000481673 0.0190162 1.13178
0.0691 0.0921912 0.000460734 0.016437 0.927204 0.0929567 0.000479777 0.0189035 1.12286
0.0692 0.0922398 0.000459094 0.0163446 0.91994 0.0929974 0.000477892 0.0187916 1.11403
0.0693 0.0922884 0.000457465 0.016253 0.912749 0.0930382 0.000476019 0.0186807 1.10529
0.0694 0.0923368 0.000455844 0.0161621 0.905629 0.0930788 0.000474156 0.0185706 1.09663
0.0695 0.0923852 0.000454232 0.0160719 0.89858 0.0931195 0.000472304 0.0184613 1.08805
0.0696 0.0924336 0.000452629 0.0159823 0.8916 0.0931601 0.000470464 0.018353 1.07956
0.0697 0.0924819 0.000451036 0.0158935 0.88469 0.0932007 0.000468634 0.0182454 1.07115
0.0698 0.0925301 0.000449451 0.0158054 0.877848 0.0932413 0.000466815 0.0181387 1.06282
0.0699 0.0925783 0.000447875 0.015718 0.871074 0.0932818 0.000465006 0.0180329 1.05457
0.07 0.0926264 0.000446307 0.0156312 0.864366 0.0933224 0.000463208 0.0179278 1.04639
0.0701 0.0926745 0.000444748 0.0155451 0.857725 0.0933628 0.00046142 0.0178236 1.0383
0.0702 0.0927225 0.000443198 0.0154596 0.851148 0.0934033 0.000459643 0.0177201 1.03029
0.0703 0.0927704 0.000441656 0.0153749 0.844636 0.0934437 0.000457876 0.0176175 1.02235
0.0704 0.0928183 0.000440123 0.0152907 0.838187 0.093484 0.00045612 0.0175157 1.01448
0.0705 0.0928662 0.000438598 0.0152072 0.831801 0.0935244 0.000454373 0.0174146 1.0067
0.0706 0.0929139 0.000437082 0.0151244 0.825477 0.0935647 0.000452637 0.0173143 0.998982
0.0707 0.0929616 0.000435573 0.0150421 0.819215 0.093605 0.00045091 0.0172148 0.991341
0.0708 0.0930093 0.000434073 0.0149605 0.813013 0.0936452 0.000449194 0.0171161 0.983773
0.0709 0.0930569 0.000432581 0.0148795 0.806871 0.0936854 0.000447487 0.0170181 0.976275
0.071 0.0931044 0.000431097 0.0147991 0.800789 0.0937256 0.00044579 0.0169208 0.968849
0.0711 0.0931518 0.000429621 0.0147194 0.794765 0.0937657 0.000444103 0.0168243 0.961492
0.0712 0.0931992 0.000428153 0.0146402 0.788798 0.0938059 0.000442425 0.0167285 0.954205
0.0713 0.0932466 0.000426693 0.0145616 0.78289 0.0938459 0.000440757 0.0166334 0.946986
0.0714 0.0932939 0.000425241 0.0144836 0.777037 0.093886 0.000439099 0.0165391 0.939835
0.0715 0.0933411 0.000423796 0.0144062 0.771241 0.093926 0.000437449 0.0164455 0.93275
0.0716 0.0933883 0.00042236 0.0143294 0.765499 0.0939659 0.000435809 0.0163526 0.925732
0.0717 0.0934354 0.000420931 0.0142531 0.759813 0.0940059 0.000434179 0.0162603 0.918779
0.0718 0.0934824 0.000419509 0.0141774 0.75418 0.0940458 0.000432557 0.0161688 0.911891
0.0719 0.0935294 0.000418095 0.0141023 0.748601 0.0940857 0.000430945 0.0160779 0.905067
0.072 0.0935763 0.000416689 0.0140277 0.743075 0.0941255 0.000429342 0.0159878 0.898306
0.0721 0.0936232 0.00041529 0.0139536 0.7376 0.0941653 0.000427747 0.0158983 0.891607
0.0722 0.09367 0.000413898 0.0138802 0.732177 0.0942051 0.000426162 0.0158095 0.884971
0.0723 0.0937168 0.000412514 0.0138072 0.726806 0.0942448 0.000424585 0.0157213 0.878396
0.0724 0.0937634 0.000411136 0.0137348 0.721484 0.0942845 0.000423018 0.0156338 0.871881
0.0725 0.0938101 0.000409767 0.0136629 0.716213 0.0943241 0.000421459 0.0155469 0.865426
0.0726 0.0938566 0.000408404 0.0135915 0.710991 0.0943638 0.000419908 0.0154607 0.859031
0.0727 0.0939031 0.000407048 0.0135207 0.705817 0.0944033 0.000418367 0.0153751 0.852694
0.0728 0.0939496 0.0004057 0.0134504 0.700692 0.0944429 0.000416833 0.0152901 0.846415
0.0729 0.093996 0.000404358 0.0133806 0.695614 0.0944824 0.000415309 0.0152058 0.840193
0.073 0.0940423 0.000403024 0.0133113 0.690583 0.0945219 0.000413792 0.0151221 0.834028
0.0731 0.0940886 0.000401696 0.0132425 0.685599 0.0945613 0.000412284 0.015039 0.827919
0.0732 0.0941348 0.000400375 0.0131741 0.680661 0.0946007 0.000410784 0.0149565 0.821866
0.0733 0.0941809 0.000399061 0.0131063 0.675768 0.0946401 0.000409293 0.0148746 0.815868
0.0734 0.094227 0.000397754 0.013039 0.670921 0.0946794 0.000407809 0.0147933 0.809924
0.0735 0.094273 0.000396453 0.0129721 0.666118 0.0947187 0.000406334 0.0147127 0.804033
0.0736 0.094319 0.000395159 0.0129058 0.661359 0.094758 0.000404867 0.0146325 0.798196
0.0737 0.0943649 0.000393872 0.0128399 0.656643 0.0947972 0.000403408 0.014553 0.792412
0.0738 0.0944108 0.000392591 0.0127744 0.651971 0.0948364 0.000401956 0.0144741 0.786679
0.0739 0.0944565 0.000391317 0.0127095 0.647341 0.0948756 0.000400513 0.0143957 0.780998
0.074 0.0945023 0.000390049 0.012645 0.642753 0.0949147 0.000399077 0.0143179 0.775368
0.0741 0.0945479 0.000388788 0.0125809 0.638207 0.0949538 0.000397649 0.0142406 0.769788
0.0742 0.0945935 0.000387533 0.0125173 0.633702 0.0949928 0.000396229 0.0141639 0.764258
0.0743 0.0946391 0.000386285 0.0124542 0.629238 0.0950318 0.000394816 0.0140877 0.758778
0.0744 0.0946846 0.000385042 0.0123915 0.624814 0.0950708 0.000393411 0.0140121 0.753346
0.0745 0.09473 0.000383806 0.0123292 0.62043 0.0951097 0.000392014 0.0139371 0.747963
0.0746 0.0947754 0.000382576 0.0122674 0.616085 0.0951486 0.000390624 0.0138625 0.742627
0.0747 0.0948207 0.000381353 0.012206 0.61178 0.0951875 0.000389241 0.0137885 0.737339
0.0748 0.0948659 0.000380135 0.012145 0.607513 0.0952263 0.000387866 0.0137151 0.732097
0.0749 0.0949111 0.000378924 0.0120845 0.603284 0.0952651 0.000386498 0.0136421 0.726902
0.075 0.0949562 0.000377718 0.0120244 0.599093 0.0953038 0.000385138 0.0135697 0.721752
0.0751 0.0950013 0.000376519 0.0119647 0.594939 0.0953425 0.000383784 0.0134978 0.716648
0.0752 0.0950463 0.000375325 0.0119054 0.590822 0.0953812 0.000382438 0.0134264 0.711589
0.0753 0.0950913 0.000374138 0.0118465 0.586741 0.0954199 0.000381099 0.0133555 0.706574
0.0754 0.0951362 0.000372956 0.011788 0.582697 0.0954585 0.000379767 0.013285 0.701603
0.0755 0.095181 0.00037178 0.01173 0.578689 0.095497 0.000378442 0.0132151 0.696675
0.0756 0.0952258 0.00037061 0.0116723 0.574715 0.0955355 0.000377124 0.0131457 0.69179
0.0757 0.0952705 0.000369446 0.011615 0.570777 0.095574 0.000375813 0.0130768 0.686948
0.0758 0.0953151 0.000368287 0.0115581 0.566874 0.0956125 0.000374509 0.0130083 0.682148
0.0759 0.0953597 0.000367134 0.0115016 0.563004 0.0956509 0.000373211 0.0129403 0.67739
0.076 0.0954043 0.000365987 0.0114455 0.559169 0.0956893 0.000371921 0.0128728 0.672673
0.0761 0.0954487 0.000364845 0.0113898 0.555367 0.0957276 0.000370637 0.0128058 0.667997
0.0762 0.0954932 0.000363709 0.0113345 0.551598 0.0957659 0.000369359 0.0127392 0.663362
0.0763 0.0955375 0.000362578 0.0112795 0.547862 0.0958041 0.000368089 0.0126731 0.658766
0.0764 0.0955818 0.000361453 0.0112249 0.544159 0.0958424 0.000366825 0.0126075 0.65421
0.0765 0.095626 0.000360333 0.0111707 0.540487 0.0958805 0.000365567 0.0125423 0.649693
0.0766 0.0956702 0.000359219 0.0111168 0.536848 0.0959187 0.000364316 0.0124775 0.645215
0.0767 0.0957143 0.00035811 0.0110633 0.533239 0.0959568 0.000363072 0.0124132 0.640775
0.0768 0.0957584 0.000357006 0.0110101 0.529662 0.0959949 0.000361834 0.0123494 0.636374
0.0769 0.0958024 0.000355908 0.0109574 0.526116 0.0960329 0.000360602 0.012286 0.632009
0.077 0.0958464 0.000354815 0.0109049 0.5226 0.0960709 0.000359376 0.012223 0.627683
0.0771 0.0958902 0.000353727 0.0108528 0.519115 0.0961089 0.000358157 0.0121604 0.623393
0.0772 0.0959341 0.000352644 0.0108011 0.515659 0.0961468 0.000356944 0.0120983 0.619139
0.0773 0.0959778 0.000351566 0.0107497 0.512233 0.0961846 0.000355738 0.0120366 0.614922
0.0774 0.0960215 0.000350494 0.0106987 0.508836 0.0962225 0.000354537 0.0119753 0.61074
0.0775 0.0960652 0.000349427 0.0106479 0.505468 0.0962603 0.000353342 0.0119145 0.606594
0.0776 0.0961088 0.000348364 0.0105976 0.502128 0.0962981 0.000352154 0.011854 0.602482
0.0777 0.0961523 0.000347307 0.0105475 0.498817 0.0963358 0.000350972 0.011794 0.598406
0.0778 0.0961958 0.000346255 0.0104978 0.495534 0.0963735 0.000349795 0.0117343 0.594364
0.0779 0.0962392 0.000345208 0.0104484 0.492279 0.0964111 0.000348625 0.0116751 0.590355
0.078 0.0962826 0.000344165 0.0103993 0.489051 0.0964487 0.00034746 0.0116162 0.586381
0.0781 0.0963259 0.000343128 0.0103506 0.48585 0.0964863 0.000346302 0.0115578 0.58244
0.0782 0.0963691 0.000342095 0.0103022 0.482676 0.0965238 0.000345149 0.0114998 0.578531
0.0783 0.0964123 0.000341067 0.0102541 0.479529 0.0965613 0.000344002 0.0114421 0.574656
0.0784 0.0964554 0.000340044 0.0102063 0.476409 0.0965988 0.00034286 0.0113848 0.570812
0.0785 0.0964985 0.000339026 0.0101588 0.473314 0.0966362 0.000341725 0.0113279 0.567001
0.0786 0.0965415 0.000338013 0.0101116 0.470245 0.0966736 0.000340595 0.0112714 0.563221
0.0787 0.0965845 0.000337004 0.0100647 0.467202 0.0967109 0.00033947 0.0112153 0.559473
0.0788 0.0966273 0.000336 0.0100182 0.464184 0.0967483 0.000338352 0.0111595 0.555756
0.0789 0.0966702 0.000335 0.00997189 0.461191 0.0967855 0.000337238 0.0111041 0.552069
0.079 0.096713 0.000334005 0.00992592 0.458223 0.0968228 0.000336131 0.0110491 0.548414
0.0791 0.0967557 0.000333015 0.00988024 0.455279 0.0968599 0.000335029 0.0109945 0.544788
0.0792 0.0967983 0.000332029 0.00983486 0.45236 0.0968971 0.000333932 0.0109402 0.541192
0.0793 0.096841 0.000331048 0.00978977 0.449464 0.0969342 0.000332841 0.0108862 0.537625
0.0794 0.0968835 0.000330071 0.00974497 0.446593 0.0969713 0.000331755 0.0108326 0.534088
0.0795 0.096926 0.000329099 0.00970045 0.443745 0.0970083 0.000330674 0.0107794 0.53058
0.0796 0.0969684 0.000328131 0.00965622 0.440921 0.0970453 0.000329599 0.0107265 0.527101
0.0797 0.0970108 0.000327168 0.00961227 0.438119 0.0970823 0.000328529 0.010674 0.52365
0.0798 0.0970531 0.000326209 0.00956859 0.435341 0.0971192 0.000327464 0.0106218 0.520227
0.0799 0.0970954 0.000325254 0.0095252 0.432585 0.0971561 0.000326404 0.0105699 0.516832
0.08 0.0971376 0.000324304 0.00948208 0.429852 0.0971929 0.00032535 0.0105184 0.513465
0.0801 0.0971797 0.000323357 0.00943923 0.42714 0.0972297 0.000324301 0.0104672 0.510125
0.0802 0.0972218 0.000322416 0.00939665 0.424451 0.0972665 0.000323256 0.0104164 0.506812
0.0803 0.0972639 0.000321478 0.00935434 0.421784 0.0973032 0.000322217 0.0103659 0.503526
0.0804 0.0973059 0.000320545 0.00931229 0.419138 0.0973399 0.000321183 0.0103157 0.500266
0.0805 0.0973478 0.000319616 0.00927051 0.416513 0.0973766 0.000320154 0.0102658 0.497033
0.0806 0.0973896 0.000318691 0.00922899 0.41391 0.0974132 0.00031913 0.0102163 0.493826
0.0807 0.0974314 0.00031777 0.00918773 0.411327 0.0974498 0.000318111 0.010167 0.490644
0.0808 0.0974732 0.000316853 0.00914672 0.408766 0.0974863 0.000317097 0.0101181 0.487488
0.0809 0.0975149 0.000315941 0.00910597 0.406224 0.0975228 0.000316087 0.0100695 0.484358
0.081 0.0975565 0.000315032 0.00906548 0.403703 0.0975593 0.000315083 0.0100213 0.481252
0.0811 0.0975981 0.000314127 0.00902523 0.401203 0.0975957 0.000314083 0.0099733 0.478172
0.0812 0.0976396 0.000313227 0.00898524 0.398722 0.0976321 0.000313088 0.00992563 0.475116
0.0813 0.0976811 0.00031233 0.00894549 0.396261 0.0976684 0.000312098 0.00987827 0.472084
0.0814 0.0977225 0.000311438 0.00890598 0.393819 0.0977048 0.000311112 0.00983122 0.469076
0.0815 0.0977639 0.000310549 0.00886672 0.391397 0.097741 0.000310132 0.00978446 0.466093
0.0816 0.0978052 0.000309664 0.0088277 0.388994 0.0977773 0.000309155 0.009738 0.463133
0.0817 0.0978464 0.000308784 0.00878892 0.386609 0.0978135 0.000308184 0.00969183 0.460196
0.0818 0.0978876 0.000307907 0.00875038 0.384244 0.0978496 0.000307217 0.00964596 0.457283
0.0819 0.0979288 0.000307034 0.00871208 0.381897 0.0978857 0.000306255 0.00960037 0.454392
0.082 0.0979699 0.000306164 0.008674 0.379569 0.0979218 0.000305297 0.00955508 0.451525
0.0821 0.0980109 0.000305299 0.00863616 0.377259 0.0979579 0.000304344 0.00951007 0.44868
0.0822 0.0980519 0.000304437 0.00859855 0.374967 0.0979939 0.000303395 0.00946534 0.445857
0.0823 0.0980928 0.000303579 0.00856117 0.372693 0.0980298 0.000302451 0.0094209 0.443057
0.0824 0.0981336 0.000302725 0.00852401 0.370437 0.0980658 0.000301511 0.00937673 0.440278
0.0825 0.0981744 0.000301874 0.00848708 0.368199 0.0981016 0.000300575 0.00933284 0.437521
0.0826 0.0982152 0.000301027 0.00845037 0.365977 0.0981375 0.000299644 0.00928922 0.434786
0.0827 0.0982559 0.000300184 0.00841388 0.363773 0.0981733 0.000298717 0.00924588 0.432072
0.0828 0.0982965 0.000299345 0.00837762 0.361586 0.0982091 0.000297795 0.00920281 0.429379
0.0829 0.0983371 0.000298509 0.00834157 0.359416 0.0982448 0.000296877 0.00916001 0.426707
0.083 0.0983776 0.000297676 0.00830573 0.357263 0.0982805 0.000295963 0.00911747 0.424056
0.0831 0.0984181 0.000296847 0.00827011 0.355127 0.0983162 0.000295053 0.00907519 0.421426
0.0832 0.0984585 0.000296022 0.00823471 0.353007 0.0983518 0.000294148 0.00903318 0.418816
0.0833 0.0984989 0.0002952 0.00819951 0.350903 0.0983874 0.000293247 0.00899143 0.416225
0.0834 0.0985392 0.000294382 0.00816453 0.348815 0.0984229 0.00029235 0.00894994 0.413655
0.0835 0.0985795 0.000293568 0.00812975 0.346743 0.0984585 0.000291457 0.0089087 0.411105
0.0836 0.0986197 0.000292756 0.00809518 0.344687 0.0984939 0.000290568 0.00886771 0.408575
0.0837 0.0986598 0.000291949 0.00806081 0.342647 0.0985294 0.000289683 0.00882698 0.406063
0.0838 0.0986999 0.000291144 0.00802665 0.340622 0.0985648 0.000288803 0.0087865 0.403572
0.0839 0.0987399 0.000290343 0.00799269 0.338613 0.0986001 0.000287926 0.00874627 0.401099
0.084 0.0987799 0.000289546 0.00795892 0.336619 0.0986354 0.000287053 0.00870628 0.398645
0.0841 0.0988199 0.000288751 0.00792536 0.33464 0.0986707 0.000286185 0.00866654 0.39621
0.0842 0.0988597 0.000287961 0.007892 0.332676 0.098706 0.00028532 0.00862704 0.393793
0.0843 0.0988996 0.000287173 0.00785883 0.330727 0.0987412 0.000284459 0.00858778 0.391395
0.0844 0.0989393 0.000286389 0.00782585 0.328793 0.0987763 0.000283602 0.00854876 0.389015
0.0845 0.0989791 0.000285608 0.00779307 0.326873 0.0988115 0.000282749 0.00850997 0.386653
0.0846 0.0990187 0.00028483 0.00776048 0.324968 0.0988466 0.0002819 0.00847143 0.384309
0.0847 0.0990583 0.000284056 0.00772807 0.323077 0.0988816 0.000281055 0.00843311 0.381983
0.0848 0.0990979 0.000283285 0.00769586 0.3212 0.0989167 0.000280214 0.00839503 0.379674
0.0849 0.0991374 0.000282517 0.00766383 0.319337 0.0989516 0.000279376 0.00835718 0.377383
0.085 0.0991769 0.000281752 0.00763199 0.317488 0.0989866 0.000278542 0.00831955 0.375109
0.0851 0.0992163 0.00028099 0.00760034 0.315653 0.0990215 0.000277712 0.00828215 0.372852
0.0852 0.0992556 0.000280232 0.00756886 0.313832 0.0990564 0.000276886 0.00824498 0.370612
0.0853 0.0992949 0.000279476 0.00753757 0.312024 0.0990912 0.000276063 0.00820803 0.368389
0.0854 0.0993341 0.000278724 0.00750646 0.310229 0.099126 0.000275244 0.0081713 0.366183
0.0855 0.0993733 0.000277975 0.00747552 0.308448 0.0991608 0.000274429 0.00813479 0.363993
0.0856 0.0994125 0.000277229 0.00744477 0.30668 0.0991955 0.000273617 0.0080985 0.361819
0.0857 0.0994515 0.000276486 0.00741419 0.304925 0.0992302 0.000272809 0.00806243 0.359662
0.0858 0.0994906 0.000275746 0.00738378 0.303183 0.0992648 0.000272005 0.00802657 0.35752
0.0859 0.0995295 0.000275009 0.00735355 0.301454 0.0992994 0.000271204 0.00799093 0.355395
0.086 0.0995685 0.000274275 0.00732349 0.299737 0.099334 0.000270407 0.00795549 0.353285
0.0861 0.0996073 0.000273545 0.0072936 0.298033 0.0993685 0.000269613 0.00792027 0.351192
0.0862 0.0996462 0.000272817 0.00726388 0.296342 0.099403 0.000268823 0.00788525 0.349113
0.0863 0.0996849 0.000272092 0.00723433 0.294663 0.0994375 0.000268036 0.00785044 0.34705
0.0864 0.0997236 0.00027137 0.00720495 0.292996 0.0994719 0.000267252 0.00781584 0.345002
0.0865 0.0997623 0.000270651 0.00717573 0.291341 0.0995063 0.000266473 0.00778144 0.342969
0.0866 0.0998009 0.000269935 0.00714668 0.289699 0.0995407 0.000265696 0.00774725 0.340952
0.0867 0.0998395 0.000269221 0.00711779 0.288068 0.099575 0.000264923 0.00771325 0.338949
0.0868 0.099878 0.000268511 0.00708907 0.286449 0.0996092 0.000264154 0.00767946 0.33696
0.0869 0.0999165 0.000267804 0.0070605 0.284842 0.0996435 0.000263387 0.00764586 0.334987
0.087 0.0999549 0.000267099 0.0070321 0.283247 0.0996777 0.000262624 0.00761246 0.333027
0.0871 0.0999932 0.000266397 0.00700385 0.281663 0.0997119 0.000261865 0.00757925 0.331082
0.0872 0.100032 0.000265698 0.00697577 0.28009 0.099746 0.000261108 0.00754624 0.329152
0.0873 0.10007 0.000265002 0.00694784 0.278529 0.0997801 0.000260356 0.00751342 0.327235
0.0874 0.100108 0.000264309 0.00692006 0.276979 0.0998141 0.000259606 0.0074808 0.325332
0.0875 0.100146 0.000263618 0.00689244 0.27544 0.0998482 0.000258859 0.00744836 0.323443
0.0876 0.100184 0.00026293 0.00686497 0.273912 0.0998821 0.000258116 0.00741611 0.321568
0.0877 0.100222 0.000262245 0.00683766 0.272395 0.0999161 0.000257376 0.00738404 0.319707
0.0878 0.10026 0.000261563 0.00681049 0.270889 0.09995 0.000256639 0.00735216 0.317858
0.0879 0.100298 0.000260883 0.00678348 0.269393 0.0999839 0.000255906 0.00732047 0.316024
0.088 0.100336 0.000260206 0.00675661 0.267908 0.100018 0.000255175 0.00728896 0.314202
0.0881 0.100374 0.000259532 0.0067299 0.266434 0.100052 0.000254448 0.00725763 0.312394
0.0882 0.100412 0.00025886 0.00670333 0.26497 0.100085 0.000253724 0.00722648 0.310598
0.0883 0.10045 0.000258191 0.0066769 0.263517 0.100119 0.000253003 0.00719551 0.308816
0.0884 0.100487 0.000257525 0.00665062 0.262074 0.100153 0.000252285 0.00716472 0.307046
0.0885 0.100525 0.000256861 0.00662449 0.260641 0.100186 0.00025157 0.0071341 0.305289
0.0886 0.100562 0.0002562 0.0065985 0.259218 0.10022 0.000250858 0.00710366 0.303544
0.0887 0.1006 0.000255541 0.00657264 0.257805 0.100254 0.000250149 0.00707339 0.301812
0.0888 0.100637 0.000254885 0.00654693 0.256402 0.100287 0.000249443 0.0070433 0.300093
0.0889 0.100675 0.000254232 0.00652136 0.255009 0.100321 0.00024874 0.00701337 0.298385
0.089 0.100712 0.000253581 0.00649593 0.253626 0.100354 0.00024804 0.00698362 0.29669
0.0891 0.10075 0.000252933 0.00647064 0.252252 0.100388 0.000247344 0.00695403 0.295007
0.0892 0.100787 0.000252287 0.00644548 0.250888 0.100421 0.00024665 0.00692462 0.293336
0.0893 0.100824 0.000251643 0.00642046 0.249533 0.100454 0.000245959 0.00689537 0.291676
0.0894 0.100861 0.000251003 0.00639558 0.248188 0.100488 0.00024527 0.00686628 0.290028
0.0895 0.100899 0.000250364 0.00637082 0.246852 0.100521 0.000244585 0.00683736 0.288392
0.0896 0.100936 0.000249728 0.0063462 0.245526 0.100554 0.000243903 0.0068086 0.286768
0.0897 0.100973 0.000249095 0.00632172 0.244209 0.100587 0.000243224 0.00678001 0.285155
0.0898 0.10101 0.000248464 0.00629736 0.2429 0.100621 0.000242547 0.00675157 0.283553
0.0899 0.101047 0.000247836 0.00627314 0.241601 0.100654 0.000241873 0.00672329 0.281962
0.09 0.101084 0.00024721 0.00624904 0.240311 0.100687 0.000241202 0.00669518 0.280383
0.0901 0.10112 0.000246586 0.00622508 0.23903 0.10072 0.000240534 0.00666722 0.278815
0.0902 0.101157 0.000245964 0.00620124 0.237757 0.100753 0.000239869 0.00663941 0.277257
0.0903 0.101194 0.000245346 0.00617752 0.236493 0.100786 0.000239206 0.00661177 0.275711
0.0904 0.101231 0.000244729 0.00615394 0.235238 0.100819 0.000238547 0.00658427 0.274175
0.0905 0.101267 0.000244115 0.00613048 0.233992 0.100852 0.000237889 0.00655693 0.27265
0.0906 0.101304 0.000243503 0.00610714 0.232754 0.100885 0.000237235 0.00652974 0.271136
0.0907 0.101341 0.000242893 0.00608393 0.231524 0.100918 0.000236584 0.0065027 0.269632
0.0908 0.101377 0.000242286 0.00606083 0.230303 0.100951 0.000235935 0.00647581 0.268139
0.0909 0.101413 0.000241681 0.00603786 0.22909 0.100983 0.000235288 0.00644907 0.266656
0.091 0.10145 0.000241079 0.00601502 0.227885 0.101016 0.000234645 0.00642248 0.265183
0.0911 0.101486 0.000240478 0.00599229 0.226689 0.101049 0.000234004 0.00639604 0.26372
0.0912 0.101523 0.00023988 0.00596968 0.2255 0.101082 0.000233366 0.00636974 0.262268
0.0913 0.101559 0.000239284 0.00594719 0.22432 0.101114 0.00023273 0.00634358 0.260825
0.0914 0.101595 0.000238691 0.00592481 0.223148 0.101147 0.000232097 0.00631757 0.259393
0.0915 0.101631 0.000238099 0.00590256 0.221983 0.101179 0.000231466 0.00629171 0.25797
0.0916 0.101667 0.00023751 0.00588042 0.220826 0.101212 0.000230839 0.00626598 0.256557
0.0917 0.101704 0.000236923 0.00585839 0.219677 0.101244 0.000230213 0.00624039 0.255153
0.0918 0.10174 0.000236338 0.00583648 0.218536 0.101277 0.00022959 0.00621495 0.25376
0.0919 0.101776 0.000235756 0.00581468 0.217403 0.101309 0.00022897 0.00618964 0.252376
0.092 0.101811 0.000235175 0.005793 0.216277 0.101342 0.000228352 0.00616447 0.251001
0.0921 0.101847 0.000234597 0.00577143 0.215158 0.101374 0.000227737 0.00613944 0.249635
0.0922 0.101883 0.000234021 0.00574997 0.214047 0.101407 0.000227125 0.00611455 0.248279
0.0923 0.101919 0.000233447 0.00572862 0.212944 0.101439 0.000226514 0.00608978 0.246932
0.0924 0.101955 0.000232875 0.00570738 0.211847 0.101471 0.000225907 0.00606516 0.245595
0.0925 0.10199 0.000232306 0.00568625 0.210758 0.101503 0.000225301 0.00604067 0.244266
0.0926 0.102026 0.000231738 0.00566523 0.209677 0.101536 0.000224699 0.0060163 0.242946
0.0927 0.102062 0.000231173 0.00564431 0.208602 0.101568 0.000224098 0.00599208 0.241636
0.0928 0.102097 0.000230609 0.00562351 0.207535 0.1016 0.0002235 0.00596798 0.240334
0.0929 0.102133 0.000230048 0.00560281 0.206474 0.101632 0.000222904 0.00594401 0.239041
0.093 0.102168 0.000229489 0.00558221 0.205421 0.101664 0.000222311 0.00592017 0.237756
0.0931 0.102204 0.000228932 0.00556172 0.204374 0.101696 0.00022172 0.00589646 0.23648
0.0932 0.102239 0.000228376 0.00554134 0.203335 0.101728 0.000221132 0.00587287 0.235213
0.0933 0.102274 0.000227823 0.00552106 0.202302 0.10176 0.000220546 0.00584941 0.233954
0.0934 0.10231 0.000227272 0.00550088 0.201276 0.101792 0.000219962 0.00582608 0.232704
0.0935 0.102345 0.000226723 0.0054808 0.200256 0.101824 0.000219381 0.00580287 0.231462
0.0936 0.10238 0.000226176 0.00546083 0.199244 0.101856 0.000218802 0.00577979 0.230229
0.0937 0.102415 0.000225631 0.00544095 0.198237 0.101888 0.000218225 0.00575683 0.229003
0.0938 0.10245 0.000225088 0.00542118 0.197238 0.101919 0.00021765 0.00573399 0.227786
0.0939 0.102485 0.000224547 0.0054015 0.196245 0.101951 0.000217078 0.00571127 0.226577
0.094 0.102521 0.000224008 0.00538193 0.195258 0.101983 0.000216508 0.00568867 0.225376
0.0941 0.102555 0.00022347 0.00536245 0.194278 0.102015 0.00021594 0.00566619 0.224182
0.0942 0.10259 0.000222935 0.00534307 0.193304 0.102046 0.000215375 0.00564384 0.222997
0.0943 0.102625 0.000222402 0.00532379 0.192337 0.102078 0.000214811 0.00562159 0.22182
0.0944 0.10266 0.00022187 0.00530461 0.191375 0.102109 0.00021425 0.00559947 0.22065
0.0945 0.102695 0.000221341 0.00528552 0.19042 0.102141 0.000213691 0.00557746 0.219488
0.0946 0.10273 0.000220813 0.00526652 0.189471 0.102173 0.000213135 0.00555557 0.218334
0.0947 0.102764 0.000220287 0.00524762 0.188528 0.102204 0.00021258 0.0055338 0.217187
0.0948 0.102799 0.000219764 0.00522882 0.187592 0.102235 0.000212028 0.00551214 0.216048
0.0949 0.102834 0.000219242 0.0052101 0.186661 0.102267 0.000211478 0.00549059 0.214917
0.095 0.102868 0.000218722 0.00519148 0.185736 0.102298 0.00021093 0.00546915 0.213792
0.0951 0.102903 0.000218203 0.00517296 0.184817 0.10233 0.000210384 0.00544783 0.212676
0.0952 0.102937 0.000217687 0.00515452 0.183904 0.102361 0.00020984 0.00542662 0.211566
0.0953 0.102972 0.000217173 0.00513618 0.182997 0.102392 0.000209299 0.00540552 0.210464
0.0954 0.103006 0.00021666 0.00511792 0.182095 0.102424 0.000208759 0.00538452 0.209369
0.0955 0.10304 0.000216149 0.00509976 0.181199 0.102455 0.000208222 0.00536364 0.208281
0.0956 0.103075 0.00021564 0.00508168 0.180309 0.102486 0.000207687 0.00534287 0.2072
0.0957 0.103109 0.000215133 0.00506369 0.179425 0.102517 0.000207153 0.0053222 0.206126
0.0958 0.103143 0.000214627 0.0050458 0.178546 0.102548 0.000206622 0.00530164 0.205059
0.0959 0.103177 0.000214123 0.00502799 0.177673 0.102579 0.000206093 0.00528119 0.203999
0.096 0.103211 0.000213622 0.00501026 0.176805 0.10261 0.000205566 0.00526084 0.202946
0.0961 0.103245 0.000213121 0.00499262 0.175942 0.102641 0.000205041 0.0052406 0.201899
0.0962 0.103279 0.000212623 0.00497507 0.175086 0.102672 0.000204518 0.00522046 0.20086
0.0963 0.103313 0.000212126 0.00495761 0.174234 0.102703 0.000203997 0.00520043 0.199827
0.0964 0.103347 0.000211631 0.00494023 0.173388 0.102734 0.000203478 0.0051805 0.198801
0.0965 0.103381 0.000211138 0.00492293 0.172547 0.102765 0.000202961 0.00516067 0.197781
0.0966 0.103415 0.000210647 0.00490572 0.171711 0.102796 0.000202446 0.00514094 0.196768
0.0967 0.103449 0.000210157 0.00488859 0.170881 0.102827 0.000201932 0.00512131 0.195761
0.0968 0.103483 0.000209669 0.00487154 0.170056 0.102858 0.000201421 0.00510179 0.194761
0.0969 0.103516 0.000209183 0.00485458 0.169236 0.102888 0.000200912 0.00508236 0.193767
0.097 0.10355 0.000208698 0.00483769 0.168421 0.102919 0.000200405 0.00506303 0.19278
0.0971 0.103584 0.000208215 0.00482089 0.167611 0.10295 0.000199899 0.0050438 0.191799
0.0972 0.103617 0.000207734 0.00480417 0.166806 0.102981 0.000199396 0.00502467 0.190824
0.0973 0.103651 0.000207254 0.00478753 0.166006 0.103011 0.000198894 0.00500564 0.189855
0.0974 0.103684 0.000206777 0.00477097 0.165211 0.103042 0.000198395 0.0049867 0.188893
0.0975 0.103718 0.0002063 0.00475449 0.164421 0.103072 0.000197897 0.00496786 0.187936
0.0976 0.103751 0.000205826 0.00473809 0.163636 0.103103 0.000197401 0.00494912 0.186986
0.0977 0.103785 0.000205353 0.00472176 0.162855 0.103133 0.000196907 0.00493046 0.186042
0.0978 0.103818 0.000204881 0.00470551 0.16208 0.103164 0.000196415 0.00491191 0.185103
0.0979 0.103851 0.000204412 0.00468935 0.161309 0.103194 0.000195925 0.00489344 0.184171
0.098 0.103885 0.000203943 0.00467325 0.160543 0.103225 0.000195437 0.00487507 0.183245
0.0981 0.103918 0.000203477 0.00465724 0.159782 0.103255 0.00019495 0.00485679 0.182324
0.0982 0.103951 0.000203012 0.0046413 0.159025 0.103286 0.000194465 0.00483861 0.181409
0.0983 0.103984 0.000202549 0.00462543 0.158273 0.103316 0.000193982 0.00482051 0.1805
0.0984 0.104017 0.000202087 0.00460964 0.157525 0.103346 0.000193501 0.00480251 0.179596
0.0985 0.10405 0.000201627 0.00459393 0.156782 0.103376 0.000193022 0.00478459 0.178699
0.0986 0.104083 0.000201168 0.00457829 0.156044 0.103407 0.000192544 0.00476677 0.177806
0.0987 0.104116 0.000200711 0.00456272 0.15531 0.103437 0.000192068 0.00474903 0.17692
0.0988 0.104149 0.000200256 0.00454722 0.15458 0.103467 0.000191594 0.00473138 0.176039
0.0989 0.104182 0.000199802 0.0045318 0.153855 0.103497 0.000191122 0.00471382 0.175163
0.099 0.104215 0.000199349 0.00451645 0.153135 0.103527 0.000190652 0.00469635 0.174293
0.0991 0.104248 0.000198898 0.00450117 0.152418 0.103557 0.000190183 0.00467896 0.173428
0.0992 0.10428 0.000198449 0.00448597 0.151706 0.103587 0.000189716 0.00466166 0.172569
0.0993 0.104313 0.000198001 0.00447083 0.150998 0.103617 0.00018925 0.00464445 0.171715
0.0994 0.104346 0.000197555 0.00445577 0.150295 0.103647 0.000188787 0.00462732 0.170866
0.0995 0.104378 0.00019711 0.00444077 0.149596 0.103677 0.000188325 0.00461028 0.170023
0.0996 0.104411 0.000196667 0.00442585 0.148901 0.103707 0.000187865 0.00459332 0.169185
0.0997 0.104444 0.000196225 0.00441099 0.14821 0.103737 0.000187406 0.00457644 0.168352
0.0998 0.104476 0.000195784 0.00439621 0.147523 0.103767 0.00018695 0.00455965 0.167524
0.0999 0.104509 0.000195346 0.00438149 0.14684 0.103797 0.000186494 0.00454293 0.166701
