0.0001 0.604541
0.0002 0.564581
0.0003 0.539954
0.0004 0.52185
0.0005 0.507415
0.0006 0.495349
0.0007 0.484947
0.0008 0.475781
0.0009 0.467573
0.001 0.460128
0.0011 0.453308
0.0012 0.44701
0.0013 0.441154
0.0014 0.435677
0.0015 0.430531
0.0016 0.425675
0.0017 0.421075
0.0018 0.416705
0.0019 0.41254
0.002 0.408562
0.0021 0.404752
0.0022 0.401097
0.0023 0.397583
0.0024 0.3942
0.0025 0.390937
0.0026 0.387786
0.0027 0.384738
0.0028 0.381787
0.0029 0.378927
0.003 0.376152
0.0031 0.373457
0.0032 0.370837
0.0033 0.368288
0.0034 0.365807
0.0035 0.363389
0.0036 0.361031
0.0037 0.358731
0.0038 0.356485
0.0039 0.354291
0.004 0.352148
0.0041 0.350051
0.0042 0.348001
0.0043 0.345994
0.0044 0.344029
0.0045 0.342104
0.0046 0.340218
0.0047 0.338369
0.0048 0.336555
0.0049 0.334777
0.005 0.333032
0.0051 0.331319
0.0052 0.329638
0.0053 0.327986
0.0054 0.326364
0.0055 0.32477
0.0056 0.323204
0.0057 0.321664
0.0058 0.320151
0.0059 0.318662
0.006 0.317198
0.0061 0.315758
0.0062 0.314341
0.0063 0.312947
0.0064 0.311574
0.0065 0.310223
0.0066 0.308893
0.0067 0.307584
0.0068 0.306294
0.0069 0.305025
0.007 0.303774
0.0071 0.302542
0.0072 0.301328
0.0073 0.300132
0.0074 0.298953
0.0075 0.297792
0.0076 0.296648
0.0077 0.29552
0.0078 0.294408
0.0079 0.293312
0.008 0.292232
0.0081 0.291167
0.0082 0.290117
0.0083 0.289082
0.0084 0.288061
0.0085 0.287055
0.0086 0.286063
0.0087 0.285084
0.0088 0.28412
0.0089 0.283168
0.009 0.28223
0.0091 0.281305
0.0092 0.280392
0.0093 0.279492
0.0094 0.278605
0.0095 0.277729
0.0096 0.276866
0.0097 0.276015
0.0098 0.275175
0.0099 0.274347
0.01 0.273531
0.0101 0.272726
0.0102 0.271932
0.0103 0.271148
0.0104 0.270376
0.0105 0.269615
0.0106 0.268864
0.0107 0.268123
0.0108 0.267393
0.0109 0.266673
0.011 0.265963
0.0111 0.265264
0.0112 0.264574
0.0113 0.263894
0.0114 0.263223
0.0115 0.262562
0.0116 0.261911
0.0117 0.261268
0.0118 0.260635
0.0119 0.260012
0.012 0.259397
0.0121 0.258791
0.0122 0.258194
0.0123 0.257606
0.0124 0.257027
0.0125 0.256456
0.0126 0.255894
0.0127 0.25534
0.0128 0.254795
0.0129 0.254257
0.013 0.253728
0.0131 0.253207
0.0132 0.252695
0.0133 0.25219
0.0134 0.251693
0.0135 0.251203
0.0136 0.250722
0.0137 0.250248
0.0138 0.249782
0.0139 0.249323
0.014 0.248872
0.0141 0.248428
0.0142 0.247991
0.0143 0.247562
0.0144 0.247139
0.0145 0.246724
0.0146 0.246316
0.0147 0.245915
0.0148 0.245521
0.0149 0.245134
0.015 0.244753
0.0151 0.244379
0.0152 0.244012
0.0153 0.243651
0.0154 0.243297
0.0155 0.24295
0.0156 0.242609
0.0157 0.242274
0.0158 0.241945
0.0159 0.241623
0.016 0.241307
0.0161 0.240997
0.0162 0.240693
0.0163 0.240395
0.0164 0.240103
0.0165 0.239817
0.0166 0.239537
0.0167 0.239263
0.0168 0.238994
0.0169 0.238731
0.017 0.238474
0.0171 0.238222
0.0172 0.237975
0.0173 0.237735
0.0174 0.237499
0.0175 0.237269
0.0176 0.237044
0.0177 0.236825
0.0178 0.23661
0.0179 0.236401
0.018 0.236197
0.0181 0.235998
0.0182 0.235804
0.0183 0.235615
0.0184 0.23543
0.0185 0.235251
0.0186 0.235076
0.0187 0.234907
0.0188 0.234741
0.0189 0.234581
0.019 0.234425
0.0191 0.234274
0.0192 0.234127
0.0193 0.233984
0.0194 0.233846
0.0195 0.233713
0.0196 0.233583
0.0197 0.233458
0.0198 0.233337
0.0199 0.233221
0.02 0.233108
0.0201 0.233
0.0202 0.232895
0.0203 0.232795
0.0204 0.232699
0.0205 0.232606
0.0206 0.232517
0.0207 0.232433
0.0208 0.232351
0.0209 0.232274
0.021 0.2322
0.0211 0.23213
0.0212 0.232064
0.0213 0.232001
0.0214 0.231942
0.0215 0.231886
0.0216 0.231834
0.0217 0.231785
0.0218 0.231739
0.0219 0.231697
0.022 0.231658
0.0221 0.231622
0.0222 0.23159
0.0223 0.231561
0.0224 0.231534
0.0225 0.231511
0.0226 0.231491
0.0227 0.231474
0.0228 0.23146
0.0229 0.231449
0.023 0.231441
0.0231 0.231435
0.0232 0.231433
0.0233 0.231433
0.0234 0.231436
0.0235 0.231442
0.0236 0.23145
0.0237 0.231461
0.0238 0.231475
0.0239 0.231491
0.024 0.23151
0.0241 0.231531
0.0242 0.231555
0.0243 0.231582
0.0244 0.23161
0.0245 0.231642
0.0246 0.231675
0.0247 0.231711
0.0248 0.231749
0.0249 0.231789
0.025 0.231832
0.0251 0.231877
0.0252 0.231924
0.0253 0.231973
0.0254 0.232024
0.0255 0.232078
0.0256 0.232133
0.0257 0.232191
0.0258 0.23225
0.0259 0.232311
0.026 0.232375
0.0261 0.23244
0.0262 0.232507
0.0263 0.232576
0.0264 0.232647
0.0265 0.23272
0.0266 0.232794
0.0267 0.232871
0.0268 0.232948
0.0269 0.233028
0.027 0.233109
0.0271 0.233192
0.0272 0.233277
0.0273 0.233363
0.0274 0.233451
0.0275 0.233541
0.0276 0.233631
0.0277 0.233724
0.0278 0.233818
0.0279 0.233913
0.028 0.23401
0.0281 0.234108
0.0282 0.234208
0.0283 0.234309
0.0284 0.234412
0.0285 0.234515
0.0286 0.23462
0.0287 0.234727
0.0288 0.234834
0.0289 0.234943
0.029 0.235053
0.0291 0.235165
0.0292 0.235277
0.0293 0.235391
0.0294 0.235506
0.0295 0.235622
0.0296 0.235739
0.0297 0.235858
0.0298 0.235977
0.0299 0.236097
0.03 0.236219
0.0301 0.236341
0.0302 0.236465
0.0303 0.236589
0.0304 0.236715
0.0305 0.236841
0.0306 0.236969
0.0307 0.237097
0.0308 0.237226
0.0309 0.237356
0.031 0.237487
0.0311 0.237619
0.0312 0.237752
0.0313 0.237886
0.0314 0.23802
0.0315 0.238155
0.0316 0.238291
0.0317 0.238428
0.0318 0.238566
0.0319 0.238704
0.032 0.238843
0.0321 0.238983
0.0322 0.239124
0.0323 0.239265
0.0324 0.239407
0.0325 0.239549
0.0326 0.239693
0.0327 0.239836
0.0328 0.239981
0.0329 0.240126
0.033 0.240272
0.0331 0.240418
0.0332 0.240565
0.0333 0.240713
0.0334 0.240861
0.0335 0.241009
0.0336 0.241159
0.0337 0.241308
0.0338 0.241459
0.0339 0.241609
0.034 0.241761
0.0341 0.241912
0.0342 0.242064
0.0343 0.242217
0.0344 0.24237
0.0345 0.242524
0.0346 0.242678
0.0347 0.242832
0.0348 0.242987
0.0349 0.243143
0.035 0.243298
0.0351 0.243454
0.0352 0.243611
0.0353 0.243768
0.0354 0.243925
0.0355 0.244082
0.0356 0.24424
0.0357 0.244399
0.0358 0.244557
0.0359 0.244716
0.036 0.244875
0.0361 0.245035
0.0362 0.245195
0.0363 0.245355
0.0364 0.245515
0.0365 0.245676
0.0366 0.245837
0.0367 0.245998
0.0368 0.24616
0.0369 0.246321
0.037 0.246483
0.0371 0.246645
0.0372 0.246808
0.0373 0.246971
0.0374 0.247133
0.0375 0.247297
0.0376 0.24746
0.0377 0.247623
0.0378 0.247787
0.0379 0.247951
0.038 0.248115
0.0381 0.248279
0.0382 0.248443
0.0383 0.248608
0.0384 0.248773
0.0385 0.248938
0.0386 0.249102
0.0387 0.249268
0.0388 0.249433
0.0389 0.249598
0.039 0.249764
0.0391 0.249929
0.0392 0.250095
0.0393 0.250261
0.0394 0.250427
0.0395 0.250593
0.0396 0.250759
0.0397 0.250925
0.0398 0.251092
0.0399 0.251258
0.04 0.251425
0.0401 0.251591
0.0402 0.251758
0.0403 0.251924
0.0404 0.252091
0.0405 0.252258
0.0406 0.252425
0.0407 0.252591
0.0408 0.252758
0.0409 0.252925
0.041 0.253092
0.0411 0.253259
0.0412 0.253426
0.0413 0.253593
0.0414 0.25376
0.0415 0.253928
0.0416 0.254095
0.0417 0.254262
0.0418 0.254429
0.0419 0.254596
0.042 0.254763
0.0421 0.25493
0.0422 0.255097
0.0423 0.255264
0.0424 0.255431
0.0425 0.255599
0.0426 0.255766
0.0427 0.255933
0.0428 0.2561
0.0429 0.256267
0.043 0.256433
0.0431 0.2566
0.0432 0.256767
0.0433 0.256934
0.0434 0.257101
0.0435 0.257267
0.0436 0.257434
0.0437 0.257601
0.0438 0.257767
0.0439 0.257934
0.044 0.2581
0.0441 0.258267
0.0442 0.258433
0.0443 0.258599
0.0444 0.258765
0.0445 0.258931
0.0446 0.259098
0.0447 0.259264
0.0448 0.259429
0.0449 0.259595
0.045 0.259761
0.0451 0.259927
0.0452 0.260092
0.0453 0.260258
0.0454 0.260423
0.0455 0.260588
0.0456 0.260754
0.0457 0.260919
0.0458 0.261084
0.0459 0.261249
0.046 0.261413
0.0461 0.261578
0.0462 0.261743
0.0463 0.261907
0.0464 0.262072
0.0465 0.262236
0.0466 0.2624
0.0467 0.262564
0.0468 0.262728
0.0469 0.262892
0.047 0.263056
0.0471 0.263219
0.0472 0.263383
0.0473 0.263546
0.0474 0.26371
0.0475 0.263873
0.0476 0.264036
0.0477 0.264199
0.0478 0.264361
0.0479 0.264524
0.048 0.264687
0.0481 0.264849
0.0482 0.265011
0.0483 0.265173
0.0484 0.265335
0.0485 0.265497
0.0486 0.265659
0.0487 0.26582
0.0488 0.265982
0.0489 0.266143
0.049 0.266304
0.0491 0.266465
0.0492 0.266626
0.0493 0.266787
0.0494 0.266948
0.0495 0.267108
0.0496 0.267268
0.0497 0.267428
0.0498 0.267588
0.0499 0.267748
0.05 0.267908
0.0501 0.268068
0.0502 0.268227
0.0503 0.268386
0.0504 0.268545
0.0505 0.268704
0.0506 0.268863
0.0507 0.269022
0.0508 0.26918
0.0509 0.269339
0.051 0.269497
0.0511 0.269655
0.0512 0.269813
0.0513 0.26997
0.0514 0.270128
0.0515 0.270285
0.0516 0.270443
0.0517 0.2706
0.0518 0.270757
0.0519 0.270913
0.052 0.27107
0.0521 0.271226
0.0522 0.271383
0.0523 0.271539
0.0524 0.271695
0.0525 0.27185
0.0526 0.272006
0.0527 0.272162
0.0528 0.272317
0.0529 0.272472
0.053 0.272627
0.0531 0.272782
0.0532 0.272936
0.0533 0.273091
0.0534 0.273245
0.0535 0.273399
0.0536 0.273553
0.0537 0.273707
0.0538 0.27386
0.0539 0.274014
0.054 0.274167
0.0541 0.27432
0.0542 0.274473
0.0543 0.274626
0.0544 0.274778
0.0545 0.274931
0.0546 0.275083
0.0547 0.275235
0.0548 0.275387
0.0549 0.275539
0.055 0.27569
0.0551 0.275841
0.0552 0.275993
0.0553 0.276144
0.0554 0.276294
0.0555 0.276445
0.0556 0.276596
0.0557 0.276746
0.0558 0.276896
0.0559 0.277046
0.056 0.277196
0.0561 0.277345
0.0562 0.277495
0.0563 0.277644
0.0564 0.277793
0.0565 0.277942
0.0566 0.278091
0.0567 0.278239
0.0568 0.278388
0.0569 0.278536
0.057 0.278684
0.0571 0.278832
0.0572 0.278979
0.0573 0.279127
0.0574 0.279274
0.0575 0.279421
0.0576 0.279568
0.0577 0.279715
0.0578 0.279862
0.0579 0.280008
0.058 0.280154
0.0581 0.280301
0.0582 0.280446
0.0583 0.280592
0.0584 0.280738
0.0585 0.280883
0.0586 0.281028
0.0587 0.281173
0.0588 0.281318
0.0589 0.281463
0.059 0.281607
0.0591 0.281752
0.0592 0.281896
0.0593 0.28204
0.0594 0.282184
0.0595 0.282327
0.0596 0.282471
0.0597 0.282614
0.0598 0.282757
0.0599 0.2829
0.06 0.283043
0.0601 0.283185
0.0602 0.283327
0.0603 0.28347
0.0604 0.283612
0.0605 0.283753
0.0606 0.283895
0.0607 0.284037
0.0608 0.284178
0.0609 0.284319
0.061 0.28446
0.0611 0.284601
0.0612 0.284741
0.0613 0.284882
0.0614 0.285022
0.0615 0.285162
0.0616 0.285302
0.0617 0.285442
0.0618 0.285581
0.0619 0.285721
0.062 0.28586
0.0621 0.285999
0.0622 0.286138
0.0623 0.286277
0.0624 0.286415
0.0625 0.286553
0.0626 0.286692
0.0627 0.28683
0.0628 0.286967
0.0629 0.287105
0.063 0.287242
0.0631 0.28738
0.0632 0.287517
0.0633 0.287654
0.0634 0.287791
0.0635 0.287927
0.0636 0.288064
0.0637 0.2882
0.0638 0.288336
0.0639 0.288472
0.064 0.288608
0.0641 0.288743
0.0642 0.288879
0.0643 0.289014
0.0644 0.289149
0.0645 0.289284
0.0646 0.289418
0.0647 0.289553
0.0648 0.289687
0.0649 0.289822
0.065 0.289956
0.0651 0.290089
0.0652 0.290223
0.0653 0.290357
0.0654 0.29049
0.0655 0.290623
0.0656 0.290756
0.0657 0.290889
0.0658 0.291022
0.0659 0.291154
0.066 0.291287
0.0661 0.291419
0.0662 0.291551
0.0663 0.291683
0.0664 0.291814
0.0665 0.291946
0.0666 0.292077
0.0667 0.292208
0.0668 0.292339
0.0669 0.29247
0.067 0.292601
0.0671 0.292731
0.0672 0.292862
0.0673 0.292992
0.0674 0.293122
0.0675 0.293252
0.0676 0.293381
0.0677 0.293511
0.0678 0.29364
0.0679 0.29377
0.068 0.293899
0.0681 0.294027
0.0682 0.294156
0.0683 0.294285
0.0684 0.294413
0.0685 0.294541
0.0686 0.294669
0.0687 0.294797
0.0688 0.294925
0.0689 0.295052
0.069 0.29518
0.0691 0.295307
0.0692 0.295434
0.0693 0.295561
0.0694 0.295688
0.0695 0.295814
0.0696 0.295941
0.0697 0.296067
0.0698 0.296193
0.0699 0.296319
0.07 0.296445
0.0701 0.296571
0.0702 0.296696
0.0703 0.296821
0.0704 0.296947
0.0705 0.297072
0.0706 0.297197
0.0707 0.297321
0.0708 0.297446
0.0709 0.29757
0.071 0.297694
0.0711 0.297818
0.0712 0.297942
0.0713 0.298066
0.0714 0.29819
0.0715 0.298313
0.0716 0.298436
0.0717 0.29856
0.0718 0.298683
0.0719 0.298805
0.072 0.298928
0.0721 0.299051
0.0722 0.299173
0.0723 0.299295
0.0724 0.299417
0.0725 0.299539
0.0726 0.299661
0.0727 0.299782
0.0728 0.299904
0.0729 0.300025
0.073 0.300146
0.0731 0.300267
0.0732 0.300388
0.0733 0.300509
0.0734 0.300629
0.0735 0.30075
0.0736 0.30087
0.0737 0.30099
0.0738 0.30111
0.0739 0.30123
0.074 0.301349
0.0741 0.301469
0.0742 0.301588
0.0743 0.301707
0.0744 0.301827
0.0745 0.301945
0.0746 0.302064
0.0747 0.302183
0.0748 0.302301
0.0749 0.30242
0.075 0.302538
0.0751 0.302656
0.0752 0.302774
0.0753 0.302891
0.0754 0.303009
0.0755 0.303126
0.0756 0.303244
0.0757 0.303361
0.0758 0.303478
0.0759 0.303595
0.076 0.303711
0.0761 0.303828
0.0762 0.303944
0.0763 0.304061
0.0764 0.304177
0.0765 0.304293
0.0766 0.304408
0.0767 0.304524
0.0768 0.30464
0.0769 0.304755
0.077 0.30487
0.0771 0.304986
0.0772 0.305101
0.0773 0.305215
0.0774 0.30533
0.0775 0.305445
0.0776 0.305559
0.0777 0.305673
0.0778 0.305788
0.0779 0.305902
0.078 0.306015
0.0781 0.306129
0.0782 0.306243
0.0783 0.306356
0.0784 0.30647
0.0785 0.306583
0.0786 0.306696
0.0787 0.306809
0.0788 0.306921
0.0789 0.307034
0.079 0.307147
0.0791 0.307259
0.0792 0.307371
0.0793 0.307483
0.0794 0.307595
0.0795 0.307707
0.0796 0.307819
0.0797 0.30793
0.0798 0.308042
0.0799 0.308153
0.08 0.308264
0.0801 0.308375
0.0802 0.308486
0.0803 0.308597
0.0804 0.308707
0.0805 0.308818
0.0806 0.308928
0.0807 0.309038
0.0808 0.309148
0.0809 0.309258
0.081 0.309368
0.0811 0.309478
0.0812 0.309587
0.0813 0.309697
0.0814 0.309806
0.0815 0.309915
0.0816 0.310024
0.0817 0.310133
0.0818 0.310242
0.0819 0.310351
0.082 0.310459
0.0821 0.310567
0.0822 0.310676
0.0823 0.310784
0.0824 0.310892
0.0825 0.311
0.0826 0.311107
0.0827 0.311215
0.0828 0.311322
0.0829 0.31143
0.083 0.311537
0.0831 0.311644
0.0832 0.311751
0.0833 0.311858
0.0834 0.311965
0.0835 0.312071
0.0836 0.312178
0.0837 0.312284
0.0838 0.31239
0.0839 0.312496
0.084 0.312602
0.0841 0.312708
0.0842 0.312814
0.0843 0.312919
0.0844 0.313025
0.0845 0.31313
0.0846 0.313235
0.0847 0.313341
0.0848 0.313446
0.0849 0.31355
0.085 0.313655
0.0851 0.31376
0.0852 0.313864
0.0853 0.313969
0.0854 0.314073
0.0855 0.314177
0.0856 0.314281
0.0857 0.314385
0.0858 0.314489
0.0859 0.314592
0.086 0.314696
0.0861 0.314799
0.0862 0.314902
0.0863 0.315005
0.0864 0.315109
0.0865 0.315211
0.0866 0.315314
0.0867 0.315417
0.0868 0.315519
0.0869 0.315622
0.087 0.315724
0.0871 0.315826
0.0872 0.315928
0.0873 0.31603
0.0874 0.316132
0.0875 0.316234
0.0876 0.316336
0.0877 0.316437
0.0878 0.316539
0.0879 0.31664
0.088 0.316741
0.0881 0.316842
0.0882 0.316943
0.0883 0.317044
0.0884 0.317144
0.0885 0.317245
0.0886 0.317345
0.0887 0.317446
0.0888 0.317546
0.0889 0.317646
0.089 0.317746
0.0891 0.317846
0.0892 0.317946
0.0893 0.318045
0.0894 0.318145
0.0895 0.318244
0.0896 0.318344
0.0897 0.318443
0.0898 0.318542
0.0899 0.318641
0.09 0.31874
0.0901 0.318839
0.0902 0.318937
0.0903 0.319036
0.0904 0.319134
0.0905 0.319233
0.0906 0.319331
0.0907 0.319429
0.0908 0.319527
0.0909 0.319625
0.091 0.319723
0.0911 0.31982
0.0912 0.319918
0.0913 0.320015
0.0914 0.320112
0.0915 0.32021
0.0916 0.320307
0.0917 0.320404
0.0918 0.320501
0.0919 0.320597
0.092 0.320694
0.0921 0.320791
0.0922 0.320887
0.0923 0.320984
0.0924 0.32108
0.0925 0.321176
0.0926 0.321272
0.0927 0.321368
0.0928 0.321464
0.0929 0.321559
0.093 0.321655
0.0931 0.321751
0.0932 0.321846
0.0933 0.321941
0.0934 0.322036
0.0935 0.322132
0.0936 0.322227
0.0937 0.322321
0.0938 0.322416
0.0939 0.322511
0.094 0.322605
0.0941 0.3227
0.0942 0.322794
0.0943 0.322889
0.0944 0.322983
0.0945 0.323077
0.0946 0.323171
0.0947 0.323264
0.0948 0.323358
0.0949 0.323452
0.095 0.323545
0.0951 0.323639
0.0952 0.323732
0.0953 0.323825
0.0954 0.323919
0.0955 0.324012
0.0956 0.324104
0.0957 0.324197
0.0958 0.32429
0.0959 0.324383
0.096 0.324475
0.0961 0.324568
0.0962 0.32466
0.0963 0.324752
0.0964 0.324844
0.0965 0.324936
0.0966 0.325028
0.0967 0.32512
0.0968 0.325212
0.0969 0.325303
0.097 0.325395
0.0971 0.325486
0.0972 0.325578
0.0973 0.325669
0.0974 0.32576
0.0975 0.325851
0.0976 0.325942
0.0977 0.326033
0.0978 0.326124
0.0979 0.326214
0.098 0.326305
0.0981 0.326395
0.0982 0.326486
0.0983 0.326576
0.0984 0.326666
0.0985 0.326756
0.0986 0.326846
0.0987 0.326936
0.0988 0.327026
0.0989 0.327116
0.099 0.327205
0.0991 0.327295
0.0992 0.327384
0.0993 0.327474
0.0994 0.327563
0.0995 0.327652
0.0996 0.327741
0.0997 0.32783
0.0998 0.327919
0.0999 0.328007
