0.0001 0.0353616  1.67699e-05 2.73736e-06
0.0002 0.0352756  3.07714e-05 2.72835e-06
0.0003 0.0351886  4.38244e-05 2.71934e-06
0.0004 0.0351011  5.63178e-05 2.71034e-06
0.0005 0.0350132  6.843e-05 2.70132e-06
0.0006 0.034925  8.02627e-05 2.69231e-06
0.0007 0.0348367  9.18815e-05 2.68329e-06
0.0008 0.0347481  0.000103331 2.67428e-06
0.0009 0.0346594  0.000114646 2.66526e-06
0.001 0.0345706  0.00012585 2.65625e-06
0.0011 0.0344817  0.000136963 2.64723e-06
0.0012 0.0343927  0.000148001 2.63822e-06
0.0013 0.0343037  0.000158977 2.62921e-06
0.0014 0.0342146  0.000169902 2.62019e-06
0.0015 0.0341255  0.000180785 2.61118e-06
0.0016 0.0340363  0.000191633 2.60217e-06
0.0017 0.0339471  0.000202454 2.59316e-06
0.0018 0.0338579  0.000213253 2.58415e-06
0.0019 0.0337687  0.000224036 2.57515e-06
0.002 0.0336795  0.000234807 2.56614e-06
0.0021 0.0335902  0.000245569 2.55713e-06
0.0022 0.033501  0.000256328 2.54813e-06
0.0023 0.0334117  0.000267086 2.53913e-06
0.0024 0.0333225  0.000277846 2.53012e-06
0.0025 0.0332332  0.000288612 2.52111e-06
0.0026 0.033144  0.000299385 2.5121e-06
0.0027 0.0330548  0.000310168 2.50308e-06
0.0028 0.0329655  0.000320963 2.49407e-06
0.0029 0.0328763  0.000331772 2.48506e-06
0.003 0.0327872  0.000342597 2.47605e-06
0.0031 0.032698  0.00035344 2.46704e-06
0.0032 0.0326088  0.000364303 2.45803e-06
0.0033 0.0325197  0.000375186 2.44902e-06
0.0034 0.0324306  0.000386093 2.44001e-06
0.0035 0.0323415  0.000397023 2.43099e-06
0.0036 0.0322525  0.000407978 2.42198e-06
0.0037 0.0321635  0.00041896 2.41297e-06
0.0038 0.0320745  0.000429969 2.40396e-06
0.0039 0.0319855  0.000441008 2.39495e-06
0.004 0.0318966  0.000452076 2.38594e-06
0.0041 0.0318076  0.000463176 2.37693e-06
0.0042 0.0317188  0.000474308 2.36792e-06
0.0043 0.0316299  0.000485472 2.3589e-06
0.0044 0.0315411  0.000496671 2.34989e-06
0.0045 0.0314523  0.000507905 2.34088e-06
0.0046 0.0313636  0.000519174 2.33187e-06
0.0047 0.0312749  0.00053048 2.32286e-06
0.0048 0.0311862  0.000541824 2.31385e-06
0.0049 0.0310976  0.000553206 2.30484e-06
0.005 0.031009  0.000564628 2.29583e-06
0.0051 0.0309205  0.000576089 2.28681e-06
0.0052 0.030832  0.000587591 2.2778e-06
0.0053 0.0307435  0.000599135 2.26879e-06
0.0054 0.0306551  0.000610721 2.25978e-06
0.0055 0.0305667  0.00062235 2.25077e-06
0.0056 0.0304784  0.000634022 2.24176e-06
0.0057 0.0303901  0.000645739 2.23275e-06
0.0058 0.0303018  0.000657501 2.22374e-06
0.0059 0.0302136  0.000669309 2.21472e-06
0.006 0.0301255  0.000681163 2.20571e-06
0.0061 0.0300373  0.000693064 2.1967e-06
0.0062 0.0299493  0.000705013 2.18769e-06
0.0063 0.0298613  0.000717011 2.17868e-06
0.0064 0.0297733  0.000729058 2.16967e-06
0.0065 0.0296854  0.000741154 2.16066e-06
0.0066 0.0295975  0.000753301 2.15165e-06
0.0067 0.0295097  0.000765498 2.14264e-06
0.0068 0.029422  0.000777748 2.13362e-06
0.0069 0.0293343  0.000790049 2.12461e-06
0.007 0.0292466  0.000802403 2.1156e-06
0.0071 0.029159  0.000814811 2.10659e-06
0.0072 0.0290715  0.000827273 2.09758e-06
0.0073 0.028984  0.00083979 2.08857e-06
0.0074 0.0288965  0.000852362 2.07956e-06
0.0075 0.0288091  0.000864989 2.07055e-06
0.0076 0.0287218  0.000877674 2.06154e-06
0.0077 0.0286346  0.000890415 2.05252e-06
0.0078 0.0285473  0.000903214 2.04351e-06
0.0079 0.0284602  0.000916072 2.0345e-06
0.008 0.0283731  0.000928988 2.02549e-06
0.0081 0.0282861  0.000941964 2.01648e-06
0.0082 0.0281991  0.000955 2.00747e-06
0.0083 0.0281122  0.000968097 1.99846e-06
0.0084 0.0280253  0.000981256 1.98945e-06
0.0085 0.0279385  0.000994476 1.98044e-06
0.0086 0.0278518  0.00100776 1.97143e-06
0.0087 0.0277652  0.0010211 1.96241e-06
0.0088 0.0276786  0.00103451 1.9534e-06
0.0089 0.027592  0.00104799 1.94439e-06
0.009 0.0275056  0.00106153 1.93538e-06
0.0091 0.0274191  0.00107513 1.92637e-06
0.0092 0.0273328  0.0010888 1.91736e-06
0.0093 0.0272465  0.00110254 1.90835e-06
0.0094 0.0271603  0.00111635 1.89934e-06
0.0095 0.0270742  0.00113022 1.89033e-06
0.0096 0.0269881  0.00114416 1.88132e-06
0.0097 0.0269021  0.00115818 1.8723e-06
0.0098 0.0268162  0.00117226 1.86329e-06
0.0099 0.0267304  0.00118641 1.85428e-06
0.01 0.0266446  0.00120064 1.84527e-06
0.0101 0.0265589  0.00121493 1.83626e-06
0.0102 0.0264732  0.0012293 1.82725e-06
0.0103 0.0263876  0.00124374 1.81824e-06
0.0104 0.0263022  0.00125826 1.80923e-06
0.0105 0.0262167  0.00127285 1.80022e-06
0.0106 0.0261314  0.00128751 1.79121e-06
0.0107 0.0260461  0.00130225 1.7822e-06
0.0108 0.0259609  0.00131707 1.77319e-06
0.0109 0.0258758  0.00133197 1.76417e-06
0.011 0.0257908  0.00134694 1.75516e-06
0.0111 0.0257058  0.00136199 1.74615e-06
0.0112 0.0256209  0.00137712 1.73714e-06
0.0113 0.0255361  0.00139233 1.72813e-06
0.0114 0.0254514  0.00140762 1.71912e-06
0.0115 0.0253668  0.00142299 1.71011e-06
0.0116 0.0252822  0.00143845 1.7011e-06
0.0117 0.0251978  0.00145399 1.69209e-06
0.0118 0.0251134  0.00146961 1.68308e-06
0.0119 0.0250291  0.00148531 1.67407e-06
0.012 0.0249449  0.0015011 1.66506e-06
0.0121 0.0248607  0.00151698 1.65604e-06
0.0122 0.0247767  0.00153294 1.64703e-06
0.0123 0.0246927  0.00154899 1.63802e-06
0.0124 0.0246088  0.00156512 1.62901e-06
0.0125 0.0245251  0.00158135 1.62e-06
0.0126 0.0244414  0.00159766 1.61099e-06
0.0127 0.0243578  0.00161407 1.60198e-06
0.0128 0.0242742  0.00163056 1.59297e-06
0.0129 0.0241908  0.00164715 1.58396e-06
0.013 0.0241075  0.00166383 1.57495e-06
0.0131 0.0240243  0.0016806 1.56594e-06
0.0132 0.0239411  0.00169747 1.55693e-06
0.0133 0.0238581  0.00171443 1.54792e-06
0.0134 0.0237751  0.00173148 1.5389e-06
0.0135 0.0236923  0.00174864 1.52989e-06
0.0136 0.0236095  0.00176589 1.52088e-06
0.0137 0.0235268  0.00178323 1.51187e-06
0.0138 0.0234443  0.00180068 1.50286e-06
0.0139 0.0233618  0.00181823 1.49385e-06
0.014 0.0232794  0.00183587 1.48484e-06
0.0141 0.0231972  0.00185362 1.47583e-06
0.0142 0.023115  0.00187147 1.46682e-06
0.0143 0.023033  0.00188942 1.45781e-06
0.0144 0.022951  0.00190748 1.4488e-06
0.0145 0.0228692  0.00192564 1.43979e-06
0.0146 0.0227874  0.00194391 1.43078e-06
0.0147 0.0227058  0.00196228 1.42177e-06
0.0148 0.0226243  0.00198076 1.41276e-06
0.0149 0.0225428  0.00199935 1.40374e-06
0.015 0.0224615  0.00201805 1.39473e-06
0.0151 0.0223803  0.00203686 1.38572e-06
0.0152 0.0222992  0.00205577 1.37671e-06
0.0153 0.0222183  0.0020748 1.3677e-06
0.0154 0.0221374  0.00209395 1.35869e-06
0.0155 0.0220566  0.00211321 1.34968e-06
0.0156 0.021976  0.00213258 1.34067e-06
0.0157 0.0218955  0.00215206 1.33166e-06
0.0158 0.0218151  0.00217167 1.32265e-06
0.0159 0.0217348  0.00219139 1.31364e-06
0.016 0.0216546  0.00221123 1.30463e-06
0.0161 0.0215746  0.00223119 1.29562e-06
0.0162 0.0214946  0.00225127 1.28661e-06
0.0163 0.0214148  0.00227147 1.2776e-06
0.0164 0.0213352  0.00229179 1.26859e-06
0.0165 0.0212556  0.00231224 1.25958e-06
0.0166 0.0211762  0.00233281 1.25057e-06
0.0167 0.0210968  0.00235351 1.24155e-06
0.0168 0.0210177  0.00237433 1.23254e-06
0.0169 0.0209386  0.00239528 1.22353e-06
0.017 0.0208597  0.00241636 1.21452e-06
0.0171 0.0207809  0.00243757 1.20551e-06
0.0172 0.0207022  0.00245891 1.1965e-06
0.0173 0.0206237  0.00248038 1.18749e-06
0.0174 0.0205453  0.00250199 1.17848e-06
0.0175 0.020467  0.00252373 1.16947e-06
0.0176 0.0203888  0.0025456 1.16046e-06
0.0177 0.0203108  0.00256761 1.15145e-06
0.0178 0.020233  0.00258976 1.14244e-06
0.0179 0.0201553  0.00261204 1.13343e-06
0.018 0.0200777  0.00263447 1.12442e-06
0.0181 0.0200002  0.00265703 1.11541e-06
0.0182 0.0199229  0.00267974 1.1064e-06
0.0183 0.0198458  0.00270259 1.09739e-06
0.0184 0.0197688  0.00272558 1.08838e-06
0.0185 0.0196919  0.00274872 1.07937e-06
0.0186 0.0196152  0.002772 1.07036e-06
0.0187 0.0195386  0.00279544 1.06135e-06
0.0188 0.0194622  0.00281902 1.05234e-06
0.0189 0.0193859  0.00284275 1.04333e-06
0.019 0.0193098  0.00286663 1.03431e-06
0.0191 0.0192338  0.00289066 1.0253e-06
0.0192 0.019158  0.00291485 1.01629e-06
0.0193 0.0190823  0.00293919 1.00728e-06
0.0194 0.0190068  0.00296369 9.98273e-07
0.0195 0.0189314  0.00298835 9.89263e-07
0.0196 0.0188562  0.00301316 9.80253e-07
0.0197 0.0187812  0.00303813 9.71242e-07
0.0198 0.0187063  0.00306327 9.62232e-07
0.0199 0.0186316  0.00308856 9.53222e-07
0.02 0.0185571  0.00311402 9.44212e-07
0.0201 0.0184827  0.00313964 9.35201e-07
0.0202 0.0184084  0.00316543 9.26191e-07
0.0203 0.0183344  0.00319139 9.17181e-07
0.0204 0.0182605  0.00321751 9.0817e-07
0.0205 0.0181868  0.00324381 8.9916e-07
0.0206 0.0181133  0.00327027 8.9015e-07
0.0207 0.0180399  0.00329691 8.8114e-07
0.0208 0.0179667  0.00332372 8.72129e-07
0.0209 0.0178937  0.00335071 8.63119e-07
0.021 0.0178208  0.00337787 8.54109e-07
0.0211 0.0177481  0.00340521 8.45099e-07
0.0212 0.0176757  0.00343273 8.36088e-07
0.0213 0.0176033  0.00346043 8.27078e-07
0.0214 0.0175312  0.00348831 8.18068e-07
0.0215 0.0174593  0.00351638 8.09058e-07
0.0216 0.0173875  0.00354463 8.00047e-07
0.0217 0.0173159  0.00357306 7.91037e-07
0.0218 0.0172446  0.00360168 7.82027e-07
0.0219 0.0171734  0.00363049 7.73017e-07
0.022 0.0171023  0.00365949 7.64007e-07
0.0221 0.0170315  0.00368868 7.54996e-07
0.0222 0.0169609  0.00371806 7.45986e-07
0.0223 0.0168905  0.00374764 7.36976e-07
0.0224 0.0168202  0.00377741 7.27966e-07
0.0225 0.0167502  0.00380738 7.18956e-07
0.0226 0.0166803  0.00383754 7.09946e-07
0.0227 0.0166107  0.00386791 7.00935e-07
0.0228 0.0165413  0.00389848 6.91925e-07
0.0229 0.016472  0.00392924 6.82915e-07
0.023 0.016403  0.00396022 6.73905e-07
0.0231 0.0163341  0.00399139 6.64895e-07
0.0232 0.0162655  0.00402278 6.55885e-07
0.0233 0.0161971  0.00405437 6.46875e-07
0.0234 0.0161289  0.00408617 6.37865e-07
0.0235 0.0160609  0.00411818 6.28854e-07
0.0236 0.0159931  0.0041504 6.19844e-07
0.0237 0.0159255  0.00418284 6.10834e-07
0.0238 0.0158582  0.00421549 6.01824e-07
0.0239 0.015791  0.00424836 5.92814e-07
0.024 0.0157241  0.00428144 5.83804e-07
0.0241 0.0156574  0.00431474 5.74794e-07
0.0242 0.0155909  0.00434827 5.65784e-07
0.0243 0.0155247  0.00438201 5.56774e-07
0.0244 0.0154586  0.00441598 5.47764e-07
0.0245 0.0153928  0.00445017 5.38754e-07
0.0246 0.0153272  0.00448459 5.29747e-07
0.0247 0.0152618  0.00451924 5.20734e-07
0.0248 0.0151967  0.00455411 5.11724e-07
0.0249 0.0151318  0.00458921 5.02714e-07
0.025 0.0150671  0.00462455 4.93704e-07
0.0251 0.0150027  0.00466012 4.84694e-07
0.0252 0.0149385  0.00469592 4.75684e-07
0.0253 0.0148745  0.00473195 4.66674e-07
0.0254 0.0148108  0.00476823 4.57664e-07
0.0255 0.0147473  0.00480474 4.48654e-07
0.0256 0.014684  0.00484149 4.39644e-07
0.0257 0.014621  0.00487848 4.30634e-07
0.0258 0.0145582  0.00491571 4.21624e-07
0.0259 0.0144957  0.00495319 4.12614e-07
0.026 0.0144334  0.00499091 4.03604e-07
0.0261 0.0143714  0.00502887 3.94594e-07
0.0262 0.0143096  0.00506709 3.85584e-07
0.0263 0.014248  0.00510555 3.76574e-07
0.0264 0.0141867  0.00514426 3.67564e-07
0.0265 0.0141257  0.00518322 3.58554e-07
0.0266 0.0140649  0.00522243 3.49544e-07
0.0267 0.0140043  0.0052619 3.40534e-07
0.0268 0.013944  0.00530162 3.31524e-07
0.0269 0.013884  0.00534159 3.22514e-07
0.027 0.0138242  0.00538182 3.13505e-07
0.0271 0.0137647  0.00542231 3.04495e-07
0.0272 0.0137054  0.00546306 2.95485e-07
0.0273 0.0136464  0.00550407 2.86475e-07
0.0274 0.0135877  0.00554533 2.77465e-07
0.0275 0.0135292  0.00558686 2.68455e-07
0.0276 0.013471  0.00562866 2.59445e-07
0.0277 0.0134131  0.00567072 2.50435e-07
0.0278 0.0133554  0.00571304 2.41426e-07
0.0279 0.0132979  0.00575563 2.32416e-07
0.028 0.0132408  0.00579848 2.23406e-07
0.0281 0.0131839  0.00584161 2.14396e-07
0.0282 0.0131273  0.005885 2.05386e-07
0.0283 0.0130709  0.00592866 1.96376e-07
0.0284 0.0130149  0.0059726 1.87367e-07
0.0285 0.0129591  0.0060168 1.78357e-07
0.0286 0.0129035  0.00606128 1.69347e-07
0.0287 0.0128483  0.00610603 1.60337e-07
0.0288 0.0127933  0.00615105 1.51327e-07
0.0289 0.0127386  0.00619635 1.42318e-07
0.029 0.0126842  0.00624193 1.33308e-07
0.0291 0.01263  0.00628778 1.24298e-07
0.0292 0.0125761  0.00633391 1.15288e-07
0.0293 0.0125225  0.00638032 1.06278e-07
0.0294 0.0124692  0.006427 9.72687e-08
0.0295 0.0124161  0.00647397 8.8259e-08
0.0296 0.0123634  0.00652121 7.92492e-08
0.0297 0.0123109  0.00656874 7.02395e-08
0.0298 0.0122587  0.00661654 6.12297e-08
0.0299 0.0122068  0.00666463 5.222e-08
0.03 0.0121551  0.006713 4.32103e-08
0.0301 0.0121038  0.00676165 3.42006e-08
0.0302 0.0120527  0.00681059 2.51908e-08
0.0303 0.0120019  0.0068598 1.61811e-08
0.0304 0.0119514  0.00690931 7.17143e-09
0.0305 0.0119012  0.00695909 -1.83827e-09
0.0306 0.0118512  0.00700916 -1.0848e-08
0.0307 0.0118016  0.00705951 -1.98577e-08
0.0308 0.0117522  0.00711015 -2.88673e-08
0.0309 0.0117031  0.00716108 -3.7877e-08
0.031 0.0116543  0.00721229 -4.68867e-08
0.0311 0.0116058  0.00726378 -5.58963e-08
0.0312 0.0115576  0.00731556 -6.4906e-08
0.0313 0.0115096  0.00736763 -7.39157e-08
0.0314 0.011462  0.00741998 -8.29253e-08
0.0315 0.0114146  0.00747262 -9.19349e-08
0.0316 0.0113675  0.00752554 -1.00945e-07
0.0317 0.0113207  0.00757875 -1.09954e-07
0.0318 0.0112742  0.00763224 -1.18964e-07
0.0319 0.011228  0.00768603 -1.27973e-07
0.032 0.011182  0.00774009 -1.36983e-07
0.0321 0.0111364  0.00779445 -1.45993e-07
0.0322 0.011091  0.00784908 -1.55002e-07
0.0323 0.0110459  0.00790401 -1.64012e-07
0.0324 0.0110011  0.00795922 -1.73021e-07
0.0325 0.0109566  0.00801471 -1.82031e-07
0.0326 0.0109124  0.00807049 -1.91041e-07
0.0327 0.0108684  0.00812655 -2.0005e-07
0.0328 0.0108248  0.00818289 -2.0906e-07
0.0329 0.0107814  0.00823952 -2.18069e-07
0.033 0.0107383  0.00829643 -2.27079e-07
0.0331 0.0106955  0.00835363 -2.36088e-07
0.0332 0.0106529  0.0084111 -2.45098e-07
0.0333 0.0106107  0.00846886 -2.54108e-07
0.0334 0.0105687  0.0085269 -2.63117e-07
0.0335 0.010527  0.00858522 -2.72127e-07
0.0336 0.0104856  0.00864382 -2.81136e-07
0.0337 0.0104445  0.0087027 -2.90146e-07
0.0338 0.0104036  0.00876186 -2.99155e-07
0.0339 0.0103631  0.00882129 -3.08165e-07
0.034 0.0103228  0.00888101 -3.17174e-07
0.0341 0.0102828  0.008941 -3.26184e-07
0.0342 0.010243  0.00900126 -3.35193e-07
0.0343 0.0102035  0.0090618 -3.44203e-07
0.0344 0.0101644  0.00912262 -3.53212e-07
0.0345 0.0101254  0.00918371 -3.62222e-07
0.0346 0.0100868  0.00924507 -3.71231e-07
0.0347 0.0100484  0.0093067 -3.8024e-07
0.0348 0.0100103  0.00936861 -3.8925e-07
0.0349 0.00997247  0.00943078 -3.98259e-07
0.035 0.0099349  0.00949322 -4.07269e-07
0.0351 0.00989761  0.00955593 -4.16278e-07
0.0352 0.00986057  0.00961891 -4.25288e-07
0.0353 0.00982381  0.00968215 -4.34297e-07
0.0354 0.00978731  0.00974566 -4.43307e-07
0.0355 0.00975107  0.00980944 -4.52316e-07
0.0356 0.0097151  0.00987347 -4.61325e-07
0.0357 0.00967939  0.00993777 -4.70335e-07
0.0358 0.00964393  0.0100023 -4.79344e-07
0.0359 0.00960874  0.0100671 -4.88354e-07
0.036 0.00957381  0.0101322 -4.97363e-07
0.0361 0.00953913  0.0101975 -5.06372e-07
0.0362 0.00950471  0.0102631 -5.15382e-07
0.0363 0.00947054  0.010329 -5.24391e-07
0.0364 0.00943663  0.0103951 -5.33401e-07
0.0365 0.00940297  0.0104614 -5.4241e-07
0.0366 0.00936956  0.010528 -5.51419e-07
0.0367 0.0093364  0.0105949 -5.60429e-07
0.0368 0.00930348  0.010662 -5.69438e-07
0.0369 0.00927082  0.0107293 -5.78447e-07
0.037 0.0092384  0.0107969 -5.87457e-07
0.0371 0.00920622  0.0108647 -5.96466e-07
0.0372 0.00917429  0.0109328 -6.05475e-07
0.0373 0.0091426  0.0110011 -6.14485e-07
0.0374 0.00911115  0.0110697 -6.23494e-07
0.0375 0.00907993  0.0111385 -6.32503e-07
0.0376 0.00904896  0.0112075 -6.41513e-07
0.0377 0.00901822  0.0112768 -6.50522e-07
0.0378 0.00898772  0.0113463 -6.59531e-07
0.0379 0.00895744  0.011416 -6.68541e-07
0.038 0.00892741  0.011486 -6.7755e-07
0.0381 0.0088976  0.0115562 -6.86559e-07
0.0382 0.00886801  0.0116266 -6.95568e-07
0.0383 0.00883866  0.0116973 -7.04578e-07
0.0384 0.00880953  0.0117682 -7.13587e-07
0.0385 0.00878063  0.0118393 -7.22596e-07
0.0386 0.00875195  0.0119106 -7.31605e-07
0.0387 0.00872349  0.0119821 -7.40615e-07
0.0388 0.00869525  0.0120539 -7.49624e-07
0.0389 0.00866723  0.0121259 -7.58633e-07
0.039 0.00863943  0.0121981 -7.67642e-07
0.0391 0.00861184  0.0122705 -7.76652e-07
0.0392 0.00858446  0.0123432 -7.85661e-07
0.0393 0.0085573  0.012416 -7.9467e-07
0.0394 0.00853035  0.0124891 -8.03679e-07
0.0395 0.00850361  0.0125623 -8.12688e-07
0.0396 0.00847707  0.0126358 -8.21698e-07
0.0397 0.00845075  0.0127095 -8.30707e-07
0.0398 0.00842462  0.0127834 -8.39716e-07
0.0399 0.0083987  0.0128575 -8.48725e-07
0.04 0.00837298  0.0129318 -8.57734e-07
0.0401 0.00834747  0.0130062 -8.66743e-07
0.0402 0.00832215  0.0130809 -8.75753e-07
0.0403 0.00829702  0.0131558 -8.84762e-07
0.0404 0.0082721  0.0132309 -8.93771e-07
0.0405 0.00824736  0.0133062 -9.0278e-07
0.0406 0.00822282  0.0133816 -9.11789e-07
0.0407 0.00819848  0.0134573 -9.20798e-07
0.0408 0.00817432  0.0135332 -9.29808e-07
0.0409 0.00815035  0.0136092 -9.38817e-07
0.041 0.00812656  0.0136854 -9.47826e-07
0.0411 0.00810296  0.0137618 -9.56835e-07
0.0412 0.00807955  0.0138384 -9.65844e-07
0.0413 0.00805631  0.0139152 -9.74853e-07
0.0414 0.00803326  0.0139922 -9.83862e-07
0.0415 0.00801039  0.0140693 -9.92871e-07
0.0416 0.00798769  0.0141466 -1.00188e-06
0.0417 0.00796517  0.0142241 -1.01089e-06
0.0418 0.00794283  0.0143018 -1.0199e-06
0.0419 0.00792065  0.0143796 -1.02891e-06
0.042 0.00789865  0.0144576 -1.03956e-06
0.0421 0.00787682  0.0145358 -1.04852e-06
0.0422 0.00785516  0.0146141 -1.05749e-06
0.0423 0.00783367  0.0146926 -1.06494e-06
0.0424 0.00781235  0.0147713 -1.07395e-06
0.0425 0.00779118  0.0148502 -1.08296e-06
0.0426 0.00777018  0.0149292 -1.09197e-06
0.0427 0.00774935  0.0150084 -1.10098e-06
0.0428 0.00772867  0.0150877 -1.10999e-06
0.0429 0.00770815  0.0151672 -1.119e-06
0.043 0.00768779  0.0152468 -1.12801e-06
0.0431 0.00766759  0.0153266 -1.13701e-06
0.0432 0.00764754  0.0154066 -1.14602e-06
0.0433 0.00762765  0.0154867 -1.15503e-06
0.0434 0.00760791  0.015567 -1.16404e-06
0.0435 0.00758831  0.0156474 -1.17305e-06
0.0436 0.00756887  0.015728 -1.18206e-06
0.0437 0.00754958  0.0158087 -1.19107e-06
0.0438 0.00753043  0.0158895 -1.20008e-06
0.0439 0.00751143  0.0159706 -1.20909e-06
0.044 0.00749257  0.0160517 -1.2181e-06
0.0441 0.00747386  0.016133 -1.22711e-06
0.0442 0.00745529  0.0162144 -1.23611e-06
0.0443 0.00743685  0.016296 -1.24512e-06
0.0444 0.00741856  0.0163777 -1.25413e-06
0.0445 0.00740041  0.0164596 -1.26314e-06
0.0446 0.00738239  0.0165416 -1.27215e-06
0.0447 0.00736451  0.0166237 -1.28116e-06
0.0448 0.00734676  0.016706 -1.29017e-06
0.0449 0.00732914  0.0167884 -1.29918e-06
0.045 0.00731166  0.0168709 -1.30819e-06
0.0451 0.00729431  0.0169535 -1.3172e-06
0.0452 0.00727708  0.0170363 -1.3262e-06
0.0453 0.00725999  0.0171192 -1.33521e-06
0.0454 0.00724302  0.0172023 -1.34422e-06
0.0455 0.00722617  0.0172854 -1.35323e-06
0.0456 0.00720946  0.0173687 -1.36224e-06
0.0457 0.00719286  0.0174521 -1.37125e-06
0.0458 0.00717639  0.0175357 -1.38026e-06
0.0459 0.00716004  0.0176193 -1.38927e-06
0.046 0.00714381  0.0177031 -1.39827e-06
0.0461 0.0071277  0.017787 -1.40728e-06
0.0462 0.00711171  0.017871 -1.41629e-06
0.0463 0.00709583  0.0179552 -1.4253e-06
0.0464 0.00708007  0.0180394 -1.43431e-06
0.0465 0.00706442  0.0181238 -1.44332e-06
0.0466 0.00704889  0.0182083 -1.45233e-06
0.0467 0.00703347  0.0182928 -1.46134e-06
0.0468 0.00701816  0.0183775 -1.47035e-06
0.0469 0.00700297  0.0184624 -1.47935e-06
0.047 0.00698788  0.0185473 -1.48836e-06
0.0471 0.0069729  0.0186323 -1.49737e-06
0.0472 0.00695803  0.0187174 -1.50638e-06
0.0473 0.00694326  0.0188027 -1.51539e-06
0.0474 0.0069286  0.018888 -1.5244e-06
0.0475 0.00691405  0.0189735 -1.53341e-06
0.0476 0.00689959  0.019059 -1.54242e-06
0.0477 0.00688524  0.0191447 -1.55142e-06
0.0478 0.006871  0.0192305 -1.56043e-06
0.0479 0.00685685  0.0193163 -1.56944e-06
0.048 0.0068428  0.0194023 -1.57845e-06
0.0481 0.00682885  0.0194884 -1.58746e-06
0.0482 0.006815  0.0195745 -1.59647e-06
0.0483 0.00680125  0.0196608 -1.60548e-06
0.0484 0.00678759  0.0197471 -1.61449e-06
0.0485 0.00677403  0.0198336 -1.62349e-06
0.0486 0.00676056  0.0199201 -1.6325e-06
0.0487 0.00674719  0.0200067 -1.64151e-06
0.0488 0.00673391  0.0200935 -1.65052e-06
0.0489 0.00672072  0.0201803 -1.65953e-06
0.049 0.00670762  0.0202672 -1.66854e-06
0.0491 0.00669461  0.0203542 -1.67755e-06
0.0492 0.00668169  0.0204413 -1.68656e-06
0.0493 0.00666886  0.0205285 -1.69556e-06
0.0494 0.00665612  0.0206157 -1.70457e-06
0.0495 0.00664346  0.0207031 -1.71358e-06
0.0496 0.00663089  0.0207905 -1.72259e-06
0.0497 0.0066184  0.020878 -1.7316e-06
0.0498 0.006606  0.0209657 -1.74061e-06
0.0499 0.00659368  0.0210533 -1.74962e-06
0.05 0.00658145  0.0211411 -1.75863e-06
0.0501 0.0065693  0.021229 -1.76763e-06
0.0502 0.00655722  0.0213169 -1.77664e-06
0.0503 0.00654523  0.0214049 -1.78565e-06
0.0504 0.00653332  0.021493 -1.79466e-06
0.0505 0.00652149  0.0215812 -1.80367e-06
0.0506 0.00650974  0.0216695 -1.81268e-06
0.0507 0.00649806  0.0217578 -1.82169e-06
0.0508 0.00648646  0.0218462 -1.83069e-06
0.0509 0.00647494  0.0219347 -1.8397e-06
0.051 0.00646349  0.0220233 -1.84871e-06
0.0511 0.00645212  0.0221119 -1.85772e-06
0.0512 0.00644082  0.0222006 -1.86673e-06
0.0513 0.0064296  0.0222894 -1.87574e-06
0.0514 0.00641845  0.0223782 -1.88475e-06
0.0515 0.00640737  0.0224672 -1.89376e-06
0.0516 0.00639636  0.0225562 -1.90276e-06
0.0517 0.00638542  0.0226452 -1.91177e-06
0.0518 0.00637456  0.0227344 -1.92078e-06
0.0519 0.00636376  0.0228236 -1.92979e-06
0.052 0.00635303  0.0229129 -1.9388e-06
0.0521 0.00634237  0.0230022 -1.94781e-06
0.0522 0.00633178  0.0230917 -1.95681e-06
0.0523 0.00632126  0.0231811 -1.96582e-06
0.0524 0.0063108  0.0232707 -1.97483e-06
0.0525 0.00630041  0.0233603 -1.98384e-06
0.0526 0.00629008  0.02345 -1.99285e-06
0.0527 0.00627982  0.0235397 -2.00186e-06
0.0528 0.00626962  0.0236295 -2.01087e-06
0.0529 0.00625949  0.0237194 -2.01987e-06
0.053 0.00624941  0.0238094 -2.02888e-06
0.0531 0.00623941  0.0238994 -2.03789e-06
0.0532 0.00622946  0.0239894 -2.0469e-06
0.0533 0.00621957  0.0240795 -2.05591e-06
0.0534 0.00620975  0.0241697 -2.06492e-06
0.0535 0.00619998  0.02426 -2.07392e-06
0.0536 0.00619028  0.0243503 -2.08293e-06
0.0537 0.00618064  0.0244406 -2.09194e-06
0.0538 0.00617105  0.0245311 -2.10095e-06
0.0539 0.00616152  0.0246215 -2.10996e-06
0.054 0.00615205  0.0247121 -2.11897e-06
0.0541 0.00614264  0.0248027 -2.12797e-06
0.0542 0.00613328  0.0248933 -2.13698e-06
0.0543 0.00612398  0.024984 -2.14599e-06
0.0544 0.00611474  0.0250748 -2.155e-06
0.0545 0.00610555  0.0251656 -2.16401e-06
0.0546 0.00609641  0.0252565 -2.17302e-06
0.0547 0.00608733  0.0253474 -2.18202e-06
0.0548 0.0060783  0.0254384 -2.19103e-06
0.0549 0.00606933  0.0255294 -2.20004e-06
0.055 0.00606041  0.0256205 -2.20905e-06
0.0551 0.00605154  0.0257117 -2.21806e-06
0.0552 0.00604273  0.0258029 -2.22706e-06
0.0553 0.00603396  0.0258941 -2.23607e-06
0.0554 0.00602525  0.0259854 -2.24508e-06
0.0555 0.00601659  0.0260768 -2.25409e-06
0.0556 0.00600797  0.0261681 -2.2631e-06
0.0557 0.00599941  0.0262596 -2.27211e-06
0.0558 0.0059909  0.0263511 -2.28111e-06
0.0559 0.00598243  0.0264426 -2.29012e-06
0.056 0.00597402  0.0265342 -2.29913e-06
0.0561 0.00596565  0.0266259 -2.30814e-06
0.0562 0.00595733  0.0267176 -2.31715e-06
0.0563 0.00594906  0.0268093 -2.32615e-06
0.0564 0.00594083  0.0269011 -2.33516e-06
0.0565 0.00593265  0.0269929 -2.34417e-06
0.0566 0.00592452  0.0270848 -2.35318e-06
0.0567 0.00591643  0.0271767 -2.36219e-06
0.0568 0.00590839  0.0272687 -2.37119e-06
0.0569 0.00590039  0.0273607 -2.3802e-06
0.057 0.00589244  0.0274527 -2.38921e-06
0.0571 0.00588453  0.0275448 -2.39822e-06
0.0572 0.00587667  0.027637 -2.40723e-06
0.0573 0.00586885  0.0277292 -2.41623e-06
0.0574 0.00586107  0.0278214 -2.42524e-06
0.0575 0.00585333  0.0279137 -2.43425e-06
0.0576 0.00584564  0.028006 -2.44326e-06
0.0577 0.00583799  0.0280984 -2.45227e-06
0.0578 0.00583038  0.0281908 -2.46127e-06
0.0579 0.00582282  0.0282832 -2.47028e-06
0.058 0.00581529  0.0283757 -2.47929e-06
0.0581 0.0058078  0.0284682 -2.4883e-06
0.0582 0.00580036  0.0285608 -2.49731e-06
0.0583 0.00579295  0.0286534 -2.50632e-06
0.0584 0.00578559  0.028746 -2.51532e-06
0.0585 0.00577826  0.0288387 -2.52433e-06
0.0586 0.00577098  0.0289314 -2.53334e-06
0.0587 0.00576373  0.0290242 -2.54235e-06
0.0588 0.00575652  0.029117 -2.55136e-06
0.0589 0.00574935  0.0292098 -2.56037e-06
0.059 0.00574221  0.0293027 -2.56937e-06
0.0591 0.00573512  0.0293956 -2.57838e-06
0.0592 0.00572806  0.0294886 -2.58739e-06
0.0593 0.00572104  0.0295815 -2.5964e-06
0.0594 0.00571405  0.0296746 -2.60541e-06
0.0595 0.0057071  0.0297676 -2.61442e-06
0.0596 0.00570019  0.0298607 -2.62343e-06
0.0597 0.00569331  0.0299539 -2.63244e-06
0.0598 0.00568647  0.030047 -2.64144e-06
0.0599 0.00567967  0.0301402 -2.65045e-06
0.06 0.00567289  0.0302335 -2.65946e-06
0.0601 0.00566616  0.0303267 -2.66847e-06
0.0602 0.00565946  0.03042 -2.67748e-06
0.0603 0.00565279  0.0305134 -2.68649e-06
0.0604 0.00564615  0.0306068 -2.6955e-06
0.0605 0.00563955  0.0307002 -2.70451e-06
0.0606 0.00563299  0.0307936 -2.71352e-06
0.0607 0.00562645  0.0308871 -2.72252e-06
0.0608 0.00561995  0.0309806 -2.73153e-06
0.0609 0.00561348  0.0310741 -2.74054e-06
0.061 0.00560704  0.0311677 -2.74955e-06
0.0611 0.00560064  0.0312613 -2.75856e-06
0.0612 0.00559427  0.0313549 -2.76757e-06
0.0613 0.00558793  0.0314486 -2.77658e-06
0.0614 0.00558162  0.0315423 -2.78559e-06
0.0615 0.00557534  0.031636 -2.7946e-06
0.0616 0.00556909  0.0317298 -2.80361e-06
0.0617 0.00556287  0.0318236 -2.81262e-06
0.0618 0.00555669  0.0319174 -2.82163e-06
0.0619 0.00555053  0.0320113 -2.83064e-06
0.062 0.0055444  0.0321052 -2.83965e-06
0.0621 0.00553831  0.0321991 -2.84866e-06
0.0622 0.00553224  0.032293 -2.85767e-06
0.0623 0.0055262  0.032387 -2.86668e-06
0.0624 0.00552019  0.032481 -2.87569e-06
0.0625 0.00551421  0.032575 -2.8847e-06
0.0626 0.00550826  0.0326691 -2.8937e-06
0.0627 0.00550234  0.0327632 -2.90271e-06
0.0628 0.00549644  0.0328573 -2.91172e-06
0.0629 0.00549058  0.0329514 -2.92073e-06
0.063 0.00548474  0.0330456 -2.92974e-06
0.0631 0.00547893  0.0331398 -2.93875e-06
0.0632 0.00547314  0.033234 -2.94776e-06
0.0633 0.00546738  0.0333283 -2.95677e-06
0.0634 0.00546165  0.0334225 -2.96578e-06
0.0635 0.00545595  0.0335168 -2.97479e-06
0.0636 0.00545027  0.0336112 -2.9838e-06
0.0637 0.00544462  0.0337055 -2.99281e-06
0.0638 0.005439  0.0337999 -3.00182e-06
0.0639 0.0054334  0.0338943 -3.01083e-06
0.064 0.00542783  0.0339888 -3.01984e-06
0.0641 0.00542228  0.0340832 -3.02885e-06
0.0642 0.00541676  0.0341777 -3.03786e-06
0.0643 0.00541126  0.0342722 -3.04687e-06
0.0644 0.00540579  0.0343668 -3.05587e-06
0.0645 0.00540035  0.0344613 -3.06572e-06
0.0646 0.00539492  0.0345559 -3.07473e-06
0.0647 0.00538953  0.0346505 -3.08374e-06
0.0648 0.00538415  0.0347452 -3.09275e-06
0.0649 0.00537881  0.0348398 -3.10176e-06
0.065 0.00537348  0.0349345 -3.11077e-06
0.0651 0.00536818  0.0350292 -3.11978e-06
0.0652 0.0053629  0.0351239 -3.12879e-06
0.0653 0.00535765  0.0352187 -3.1378e-06
0.0654 0.00535242  0.0353135 -3.14681e-06
0.0655 0.00534721  0.0354083 -3.15582e-06
0.0656 0.00534203  0.0355031 -3.16483e-06
0.0657 0.00533687  0.035598 -3.17384e-06
0.0658 0.00533173  0.0356928 -3.18285e-06
0.0659 0.00532661  0.0357877 -3.19186e-06
0.066 0.00532152  0.0358826 -3.20087e-06
0.0661 0.00531645  0.0359776 -3.20988e-06
0.0662 0.0053114  0.0360725 -3.21889e-06
0.0663 0.00530637  0.0361675 -3.22791e-06
0.0664 0.00530137  0.0362625 -3.23692e-06
0.0665 0.00529638  0.0363575 -3.24593e-06
0.0666 0.00529142  0.0364526 -3.25494e-06
0.0667 0.00528648  0.0365477 -3.26395e-06
0.0668 0.00528156  0.0366427 -3.27296e-06
0.0669 0.00527666  0.0367379 -3.28197e-06
0.067 0.00527178  0.036833 -3.29098e-06
0.0671 0.00526692  0.0369281 -3.29999e-06
0.0672 0.00526209  0.0370233 -3.309e-06
0.0673 0.00525727  0.0371185 -3.31801e-06
0.0674 0.00525247  0.0372137 -3.32702e-06
0.0675 0.0052477  0.0373089 -3.33603e-06
0.0676 0.00524294  0.0374042 -3.34504e-06
0.0677 0.00523821  0.0374995 -3.35405e-06
0.0678 0.00523349  0.0375948 -3.36306e-06
0.0679 0.00522879  0.0376901 -3.37207e-06
0.068 0.00522412  0.0377854 -3.38108e-06
0.0681 0.00521946  0.0378808 -3.39009e-06
0.0682 0.00521482  0.0379761 -3.39911e-06
0.0683 0.0052102  0.0380715 -3.40812e-06
0.0684 0.0052056  0.0381669 -3.41713e-06
0.0685 0.00520102  0.0382624 -3.42513e-06
0.0686 0.00519646  0.0383578 -3.43414e-06
0.0687 0.00519191  0.0384533 -3.44314e-06
0.0688 0.00518739  0.0385488 -3.45214e-06
0.0689 0.00518288  0.0386443 -3.46114e-06
0.069 0.00517839  0.0387398 -3.47015e-06
0.0691 0.00517392  0.0388353 -3.47915e-06
0.0692 0.00516947  0.0389309 -3.48815e-06
0.0693 0.00516503  0.0390264 -3.49715e-06
0.0694 0.00516061  0.039122 -3.50615e-06
0.0695 0.00515621  0.0392176 -3.51516e-06
0.0696 0.00515183  0.0393133 -3.52416e-06
0.0697 0.00514747  0.0394089 -3.53316e-06
0.0698 0.00514312  0.0395046 -3.54216e-06
0.0699 0.00513879  0.0396003 -3.55116e-06
0.07 0.00513448  0.039696 -3.56016e-06
0.0701 0.00513018  0.0397917 -3.56916e-06
0.0702 0.0051259  0.0398874 -3.57816e-06
0.0703 0.00512164  0.0399831 -3.58717e-06
0.0704 0.0051174  0.0400789 -3.59617e-06
0.0705 0.00511317  0.0401747 -3.60517e-06
0.0706 0.00510895  0.0402705 -3.61417e-06
0.0707 0.00510476  0.0403663 -3.62317e-06
0.0708 0.00510058  0.0404621 -3.63217e-06
0.0709 0.00509641  0.040558 -3.64117e-06
0.071 0.00509227  0.0406538 -3.65017e-06
0.0711 0.00508813  0.0407497 -3.65917e-06
0.0712 0.00508402  0.0408456 -3.66817e-06
0.0713 0.00507992  0.0409415 -3.67717e-06
0.0714 0.00507583  0.0410374 -3.68617e-06
0.0715 0.00507176  0.0411334 -3.69518e-06
0.0716 0.00506771  0.0412293 -3.70418e-06
0.0717 0.00506367  0.0413253 -3.71318e-06
0.0718 0.00505965  0.0414213 -3.72218e-06
0.0719 0.00505564  0.0415173 -3.73118e-06
0.072 0.00505165  0.0416133 -3.74018e-06
0.0721 0.00504767  0.0417093 -3.74918e-06
0.0722 0.00504371  0.0418054 -3.75818e-06
0.0723 0.00503976  0.0419014 -3.76719e-06
0.0724 0.00503583  0.0419975 -3.77619e-06
0.0725 0.00503191  0.0420936 -3.78519e-06
0.0726 0.005028  0.0421897 -3.79419e-06
0.0727 0.00502411  0.0422858 -3.8032e-06
0.0728 0.00502024  0.042382 -3.8122e-06
0.0729 0.00501638  0.0424781 -3.8212e-06
0.073 0.00501253  0.0425743 -3.8302e-06
0.0731 0.0050087  0.0426704 -3.83921e-06
0.0732 0.00500488  0.0427666 -3.84821e-06
0.0733 0.00500107  0.0428628 -3.85722e-06
0.0734 0.00499728  0.0429591 -3.86622e-06
0.0735 0.0049935  0.0430553 -3.87522e-06
0.0736 0.00498974  0.0431515 -3.88567e-06
0.0737 0.00498599  0.0432478 -3.89468e-06
0.0738 0.00498225  0.0433441 -3.90369e-06
0.0739 0.00497853  0.0434404 -3.9127e-06
0.074 0.00497482  0.0435367 -3.92171e-06
0.0741 0.00497112  0.043633 -3.93072e-06
0.0742 0.00496744  0.0437293 -3.93973e-06
0.0743 0.00496377  0.0438256 -3.94875e-06
0.0744 0.00496011  0.043922 -3.95776e-06
0.0745 0.00495647  0.0440183 -3.96677e-06
0.0746 0.00495284  0.0441147 -3.97578e-06
0.0747 0.00494922  0.0442111 -3.98479e-06
0.0748 0.00494561  0.0443075 -3.9938e-06
0.0749 0.00494202  0.0444039 -4.00281e-06
0.075 0.00493844  0.0445004 -4.01182e-06
0.0751 0.00493487  0.0445968 -4.02083e-06
0.0752 0.00493131  0.0446933 -4.02984e-06
0.0753 0.00492777  0.0447897 -4.03885e-06
0.0754 0.00492424  0.0448862 -4.04786e-06
0.0755 0.00492072  0.0449827 -4.05687e-06
0.0756 0.00491721  0.0450792 -4.06588e-06
0.0757 0.00491372  0.0451757 -4.07489e-06
0.0758 0.00491024  0.0452722 -4.0839e-06
0.0759 0.00490677  0.0453688 -4.09291e-06
0.076 0.00490331  0.0454653 -4.10192e-06
0.0761 0.00489986  0.0455619 -4.11093e-06
0.0762 0.00489643  0.0456585 -4.11994e-06
0.0763 0.004893  0.045755 -4.12895e-06
0.0764 0.00488959  0.0458516 -4.13796e-06
0.0765 0.00488619  0.0459482 -4.14697e-06
0.0766 0.0048828  0.0460449 -4.15599e-06
0.0767 0.00487942  0.0461415 -4.165e-06
0.0768 0.00487606  0.0462381 -4.17401e-06
0.0769 0.0048727  0.0463348 -4.18302e-06
0.077 0.00486936  0.0464315 -4.19203e-06
0.0771 0.00486603  0.0465281 -4.20104e-06
0.0772 0.00486271  0.0466248 -4.21005e-06
0.0773 0.00485939  0.0467215 -4.21906e-06
0.0774 0.0048561  0.0468182 -4.22807e-06
0.0775 0.00485281  0.046915 -4.23708e-06
0.0776 0.00484953  0.0470117 -4.24609e-06
0.0777 0.00484626  0.0471084 -4.2551e-06
0.0778 0.00484301  0.0472052 -4.26411e-06
0.0779 0.00483976  0.0473019 -4.27312e-06
0.078 0.00483653  0.0473987 -4.28213e-06
0.0781 0.0048333  0.0474955 -4.29114e-06
0.0782 0.00483009  0.0475923 -4.30015e-06
0.0783 0.00482688  0.0476891 -4.30916e-06
0.0784 0.00482369  0.0477859 -4.31817e-06
0.0785 0.00482051  0.0478827 -4.32718e-06
0.0786 0.00481734  0.0479796 -4.33619e-06
0.0787 0.00481417  0.0480764 -4.3452e-06
0.0788 0.00481102  0.0481733 -4.35421e-06
0.0789 0.00480788  0.0482702 -4.36323e-06
0.079 0.00480475  0.048367 -4.37224e-06
0.0791 0.00480163  0.0484639 -4.38125e-06
0.0792 0.00479852  0.0485608 -4.39026e-06
0.0793 0.00479541  0.0486577 -4.39927e-06
0.0794 0.00479232  0.0487546 -4.40828e-06
0.0795 0.00478924  0.0488516 -4.41729e-06
0.0796 0.00478617  0.0489485 -4.4263e-06
0.0797 0.0047831  0.0490455 -4.43531e-06
0.0798 0.00478005  0.0491424 -4.44432e-06
0.0799 0.00477701  0.0492394 -4.45333e-06
0.08 0.00477397  0.0493363 -4.46234e-06
0.0801 0.00477095  0.0494333 -4.47135e-06
0.0802 0.00476793  0.0495303 -4.48036e-06
0.0803 0.00476493  0.0496273 -4.48937e-06
0.0804 0.00476193  0.0497243 -4.49838e-06
0.0805 0.00475894  0.0498214 -4.50739e-06
0.0806 0.00475596  0.0499184 -4.5164e-06
0.0807 0.00475299  0.0500154 -4.52541e-06
0.0808 0.00475003  0.0501125 -4.53442e-06
0.0809 0.00474708  0.0502095 -4.54343e-06
0.081 0.00474414  0.0503066 -4.55244e-06
0.0811 0.00474121  0.0504037 -4.56145e-06
0.0812 0.00473829  0.0505008 -4.57047e-06
0.0813 0.00473537  0.0505979 -4.57948e-06
0.0814 0.00473246  0.050695 -4.58849e-06
0.0815 0.00472957  0.0507921 -4.5975e-06
0.0816 0.00472668  0.0508892 -4.60651e-06
0.0817 0.0047238  0.0509863 -4.61552e-06
0.0818 0.00472093  0.0510835 -4.62453e-06
0.0819 0.00471807  0.0511806 -4.63354e-06
0.082 0.00471521  0.0512778 -4.64255e-06
0.0821 0.00471237  0.0513749 -4.65156e-06
0.0822 0.00470953  0.0514721 -4.66057e-06
0.0823 0.0047067  0.0515693 -4.66958e-06
0.0824 0.00470388  0.0516665 -4.67859e-06
0.0825 0.00470107  0.0517637 -4.6876e-06
0.0826 0.00469827  0.0518609 -4.69661e-06
0.0827 0.00469547  0.0519581 -4.70562e-06
0.0828 0.00469268  0.0520553 -4.71463e-06
0.0829 0.00468991  0.0521525 -4.72364e-06
0.083 0.00468714  0.0522498 -4.73265e-06
0.0831 0.00468437  0.052347 -4.74166e-06
0.0832 0.00468162  0.0524443 -4.75067e-06
0.0833 0.00467887  0.0525415 -4.75968e-06
0.0834 0.00467613  0.0526388 -4.76869e-06
0.0835 0.0046734  0.0527361 -4.7777e-06
0.0836 0.00467068  0.0528334 -4.78671e-06
0.0837 0.00466797  0.0529307 -4.79572e-06
0.0838 0.00466526  0.053028 -4.80473e-06
0.0839 0.00466256  0.0531253 -4.81374e-06
0.084 0.00465987  0.0532226 -4.82275e-06
0.0841 0.00465719  0.0533199 -4.83176e-06
0.0842 0.00465451  0.0534173 -4.84077e-06
0.0843 0.00465184  0.0535146 -4.84978e-06
0.0844 0.00464918  0.053612 -4.85879e-06
0.0845 0.00464653  0.0537093 -4.8678e-06
0.0846 0.00464388  0.0538067 -4.87682e-06
0.0847 0.00464125  0.053904 -4.88583e-06
0.0848 0.00463862  0.0540014 -4.89484e-06
0.0849 0.00463599  0.0540988 -4.90385e-06
0.085 0.00463338  0.0541962 -4.91286e-06
0.0851 0.00463077  0.0542936 -4.92187e-06
0.0852 0.00462817  0.054391 -4.93088e-06
0.0853 0.00462557  0.0544884 -4.93989e-06
0.0854 0.00462299  0.0545858 -4.9489e-06
0.0855 0.00462041  0.0546833 -4.95791e-06
0.0856 0.00461784  0.0547807 -4.96692e-06
0.0857 0.00461527  0.0548782 -4.97593e-06
0.0858 0.00461271  0.0549756 -4.98494e-06
0.0859 0.00461016  0.0550731 -4.99395e-06
0.086 0.00460762  0.0551705 -5.00296e-06
0.0861 0.00460508  0.055268 -5.01197e-06
0.0862 0.00460255  0.0553655 -5.02098e-06
0.0863 0.00460003  0.055463 -5.02999e-06
0.0864 0.00459752  0.0555605 -5.039e-06
0.0865 0.00459501  0.055658 -5.04801e-06
0.0866 0.0045925  0.0557555 -5.05702e-06
0.0867 0.00459001  0.055853 -5.06603e-06
0.0868 0.00458752  0.0559505 -5.07504e-06
0.0869 0.00458504  0.056048 -5.08405e-06
0.087 0.00458256  0.0561456 -5.09306e-06
0.0871 0.0045801  0.0562431 -5.10207e-06
0.0872 0.00457763  0.0563407 -5.11108e-06
0.0873 0.00457518  0.0564382 -5.12009e-06
0.0874 0.00457273  0.0565358 -5.1291e-06
0.0875 0.00457029  0.0566333 -5.13811e-06
0.0876 0.00456785  0.0567309 -5.14712e-06
0.0877 0.00456542  0.0568285 -5.15613e-06
0.0878 0.004563  0.0569261 -5.16515e-06
0.0879 0.00456059  0.0570237 -5.17416e-06
0.088 0.00455818  0.0571213 -5.18317e-06
0.0881 0.00455577  0.0572189 -5.19218e-06
0.0882 0.00455338  0.0573165 -5.20119e-06
0.0883 0.00455098  0.0574141 -5.2102e-06
0.0884 0.0045486  0.0575117 -5.21921e-06
0.0885 0.00454622  0.0576094 -5.22822e-06
0.0886 0.00454385  0.057707 -5.23723e-06
0.0887 0.00454148  0.0578046 -5.24624e-06
0.0888 0.00453913  0.0579023 -5.25525e-06
0.0889 0.00453677  0.0579999 -5.26426e-06
0.089 0.00453443  0.0580976 -5.27327e-06
0.0891 0.00453208  0.0581953 -5.28228e-06
0.0892 0.00452975  0.058293 -5.29129e-06
0.0893 0.00452742  0.0583906 -5.3003e-06
0.0894 0.0045251  0.0584883 -5.30931e-06
0.0895 0.00452278  0.058586 -5.31832e-06
0.0896 0.00452047  0.0586837 -5.32733e-06
0.0897 0.00451816  0.0587814 -5.33634e-06
0.0898 0.00451587  0.0588791 -5.34535e-06
0.0899 0.00451357  0.0589768 -5.35436e-06
0.09 0.00451128  0.0590746 -5.36337e-06
0.0901 0.004509  0.0591723 -5.37238e-06
0.0902 0.00450673  0.05927 -5.38139e-06
0.0903 0.00450446  0.0593678 -5.3904e-06
0.0904 0.00450219  0.0594655 -5.39941e-06
0.0905 0.00449993  0.0595633 -5.40842e-06
0.0906 0.00449768  0.059661 -5.41743e-06
0.0907 0.00449543  0.0597588 -5.42644e-06
0.0908 0.00449319  0.0598565 -5.43545e-06
0.0909 0.00449096  0.0599543 -5.44446e-06
0.091 0.00448873  0.0600521 -5.45347e-06
0.0911 0.0044865  0.0601499 -5.46248e-06
0.0912 0.00448428  0.0602477 -5.47149e-06
0.0913 0.00448207  0.0603455 -5.4805e-06
0.0914 0.00447986  0.0604433 -5.48951e-06
0.0915 0.00447766  0.0605411 -5.49853e-06
0.0916 0.00447546  0.0606389 -5.50754e-06
0.0917 0.00447327  0.0607367 -5.51655e-06
0.0918 0.00447108  0.0608345 -5.52556e-06
0.0919 0.0044689  0.0609323 -5.53457e-06
0.092 0.00446673  0.0610302 -5.54358e-06
0.0921 0.00446456  0.061128 -5.55259e-06
0.0922 0.00446239  0.0612259 -5.5616e-06
0.0923 0.00446023  0.0613237 -5.57061e-06
0.0924 0.00445808  0.0614216 -5.57962e-06
0.0925 0.00445593  0.0615194 -5.58863e-06
0.0926 0.00445378  0.0616173 -5.59764e-06
0.0927 0.00445164  0.0617152 -5.60665e-06
0.0928 0.00444951  0.061813 -5.61566e-06
0.0929 0.00444738  0.0619109 -5.62467e-06
0.093 0.00444526  0.0620088 -5.63368e-06
0.0931 0.00444314  0.0621067 -5.64269e-06
0.0932 0.00444103  0.0622046 -5.6517e-06
0.0933 0.00443892  0.0623025 -5.66071e-06
0.0934 0.00443682  0.0624004 -5.66972e-06
0.0935 0.00443472  0.0624983 -5.67873e-06
0.0936 0.00443263  0.0625962 -5.68774e-06
0.0937 0.00443054  0.0626941 -5.69675e-06
0.0938 0.00442845  0.0627921 -5.70576e-06
0.0939 0.00442638  0.06289 -5.71477e-06
0.094 0.0044243  0.0629879 -5.72378e-06
0.0941 0.00442223  0.0630859 -5.73279e-06
0.0942 0.00442017  0.0631838 -5.7418e-06
0.0943 0.00441811  0.0632818 -5.75081e-06
0.0944 0.00441606  0.0633797 -5.75982e-06
0.0945 0.00441401  0.0634777 -5.76883e-06
0.0946 0.00441197  0.0635757 -5.77784e-06
0.0947 0.00440993  0.0636736 -5.78685e-06
0.0948 0.00440789  0.0637716 -5.79586e-06
0.0949 0.00440586  0.0638696 -5.80487e-06
0.095 0.00440384  0.0639676 -5.81388e-06
0.0951 0.00440182  0.0640656 -5.82289e-06
0.0952 0.0043998  0.0641635 -5.8319e-06
0.0953 0.00439779  0.0642615 -5.84091e-06
0.0954 0.00439578  0.0643595 -5.84992e-06
0.0955 0.00439378  0.0644576 -5.85893e-06
0.0956 0.00439179  0.0645556 -5.86794e-06
0.0957 0.00438979  0.0646536 -5.87695e-06
0.0958 0.0043878  0.0647516 -5.88596e-06
0.0959 0.00438582  0.0648496 -5.89498e-06
0.096 0.00438384  0.0649477 -5.90399e-06
0.0961 0.00438187  0.0650457 -5.913e-06
0.0962 0.0043799  0.0651437 -5.92201e-06
0.0963 0.00437793  0.0652418 -5.93102e-06
0.0964 0.00437597  0.0653398 -5.94003e-06
0.0965 0.00437402  0.0654379 -5.94284e-06
0.0966 0.00437206  0.0655359 -5.95181e-06
0.0967 0.00437012  0.065634 -5.96078e-06
0.0968 0.00436817  0.0657321 -5.96975e-06
0.0969 0.00436623  0.0658301 -5.97873e-06
0.097 0.0043643  0.0659282 -5.9877e-06
0.0971 0.00436237  0.0660263 -5.99668e-06
0.0972 0.00436044  0.0661244 -6.00566e-06
0.0973 0.00435852  0.0662224 -6.01464e-06
0.0974 0.0043566  0.0663205 -6.02363e-06
0.0975 0.00435469  0.0664186 -6.03261e-06
0.0976 0.00435278  0.0665167 -6.0416e-06
0.0977 0.00435088  0.0666148 -6.05716e-06
0.0978 0.00434898  0.066713 -6.06617e-06
0.0979 0.00434708  0.0668111 -6.07518e-06
0.098 0.00434519  0.0669092 -6.08419e-06
0.0981 0.0043433  0.0670073 -6.0932e-06
0.0982 0.00434142  0.0671054 -6.10221e-06
0.0983 0.00433954  0.0672036 -6.11122e-06
0.0984 0.00433766  0.0673017 -6.12023e-06
0.0985 0.00433579  0.0673998 -6.12924e-06
0.0986 0.00433392  0.067498 -6.13825e-06
0.0987 0.00433206  0.0675961 -6.14726e-06
0.0988 0.0043302  0.0676943 -6.15627e-06
0.0989 0.00432835  0.0677924 -6.16528e-06
0.099 0.0043265  0.0678906 -6.17429e-06
0.0991 0.00432465  0.0679887 -6.1833e-06
0.0992 0.00432281  0.0680869 -6.19231e-06
0.0993 0.00432097  0.0681851 -6.20132e-06
0.0994 0.00431913  0.0682833 -6.21033e-06
0.0995 0.0043173  0.0683814 -6.21934e-06
0.0996 0.00431547  0.0684796 -6.22835e-06
0.0997 0.00431365  0.0685778 -6.23736e-06
0.0998 0.00431183  0.068676 -6.24637e-06
0.0999 0.00431001  0.0687742 -6.25538e-06
