0.0001 0.035652  1.67216e-05 -1.96941e-11
0.0002 0.035566  3.06826e-05 -2.40598e-11
0.0003 0.035479  4.3698e-05 -1.76722e-11
0.0004 0.0353914  5.61553e-05 -2.20568e-11
0.0005 0.0353035  6.82324e-05 -2.41404e-11
0.0006 0.0352153  8.00308e-05 -2.26914e-11
0.0007 0.0351269  9.16159e-05 -1.67695e-11
0.0008 0.0350383  0.000103033 -1.06136e-11
0.0009 0.0349496  0.000114314 -1.2578e-11
0.001 0.0348608  0.000125486 -1.46073e-11
0.0011 0.0347718  0.000136566 -1.66748e-11
0.0012 0.0346829  0.000147572 -1.87574e-11
0.0013 0.0345938  0.000158517 -2.08344e-11
0.0014 0.0345047  0.00016941 -2.28868e-11
0.0015 0.0344155  0.000180261 -2.4897e-11
0.0016 0.0343264  0.000191077 -2.68486e-11
0.0017 0.0342371  0.000201867 -2.8726e-11
0.0018 0.0341479  0.000212634 -3.05144e-11
0.0019 0.0340587  0.000223385 -3.21999e-11
0.002 0.0339694  0.000234125 -3.37692e-11
0.0021 0.0338801  0.000244856 -3.52094e-11
0.0022 0.0337909  0.000255584 -3.65083e-11
0.0023 0.0337016  0.00026631 -3.76542e-11
0.0024 0.0336123  0.000277039 -3.86357e-11
0.0025 0.0335231  0.000287773 -3.94422e-11
0.0026 0.0334338  0.000298514 -4.00629e-11
0.0027 0.0333445  0.000309266 -4.04879e-11
0.0028 0.0332553  0.000320029 -4.07073e-11
0.0029 0.0331661  0.000330807 -4.07116e-11
0.003 0.0330769  0.000341601 -4.04918e-11
0.0031 0.0329877  0.000352412 -4.00387e-11
0.0032 0.0328985  0.000363243 -3.93439e-11
0.0033 0.0328094  0.000374095 -3.83989e-11
0.0034 0.0327202  0.00038497 -3.71955e-11
0.0035 0.0326311  0.000395868 -3.57258e-11
0.0036 0.0325421  0.000406791 -3.39819e-11
0.0037 0.032453  0.000417741 -3.19565e-11
0.0038 0.032364  0.000428719 -2.9642e-11
0.0039 0.032275  0.000439725 -2.70313e-11
0.004 0.032186  0.000450762 -2.41175e-11
0.0041 0.0320971  0.000461829 -2.08935e-11
0.0042 0.0320082  0.000472928 -1.73527e-11
0.0043 0.0319193  0.000484061 -1.34886e-11
0.0044 0.0318305  0.000495227 -9.29468e-12
0.0045 0.0317417  0.000506428 -4.76474e-12
0.0046 0.0316529  0.000517665 1.07414e-13
0.0047 0.0315642  0.000528939 4.24213e-13
0.0048 0.0314755  0.00054025 4.7809e-13
0.0049 0.0313869  0.0005516 5.33403e-13
0.005 0.0312983  0.000562988 5.9017e-13
0.0051 0.0312097  0.000574417 6.48405e-13
0.0052 0.0311212  0.000585886 7.0809e-13
0.0053 0.0310327  0.000597396 7.69235e-13
0.0054 0.0309442  0.000608949 8.31852e-13
0.0055 0.0308558  0.000620545 8.95936e-13
0.0056 0.0307675  0.000632184 9.61502e-13
0.0057 0.0306791  0.000643868 1.02853e-12
0.0058 0.0305909  0.000655596 1.09706e-12
0.0059 0.0305027  0.000667371 1.16707e-12
0.006 0.0304145  0.000679191 1.23856e-12
0.0061 0.0303263  0.000691059 1.31155e-12
0.0062 0.0302383  0.000702974 1.38603e-12
0.0063 0.0301502  0.000714938 1.46201e-12
0.0064 0.0300622  0.000726951 1.53948e-12
0.0065 0.0299743  0.000739013 1.61848e-12
0.0066 0.0298864  0.000751125 1.69897e-12
0.0067 0.0297986  0.000763289 1.78097e-12
0.0068 0.0297108  0.000775504 1.86448e-12
0.0069 0.0296231  0.000787771 1.9495e-12
0.007 0.0295354  0.000800091 2.03604e-12
0.0071 0.0294477  0.000812464 2.12411e-12
0.0072 0.0293602  0.000824891 2.21369e-12
0.0073 0.0292727  0.000837373 2.30481e-12
0.0074 0.0291852  0.00084991 2.39744e-12
0.0075 0.0290978  0.000862503 2.4916e-12
0.0076 0.0290104  0.000875153 2.5873e-12
0.0077 0.0289231  0.000887859 2.68452e-12
0.0078 0.0288359  0.000900623 2.7833e-12
0.0079 0.0287487  0.000913445 2.8836e-12
0.008 0.0286616  0.000926327 2.98544e-12
0.0081 0.0285745  0.000939267 3.08882e-12
0.0082 0.0284875  0.000952268 3.19375e-12
0.0083 0.0284006  0.000965329 3.30022e-12
0.0084 0.0283137  0.000978452 3.40824e-12
0.0085 0.0282269  0.000991637 3.51781e-12
0.0086 0.0281402  0.00100488 3.62893e-12
0.0087 0.0280535  0.00101819 3.74159e-12
0.0088 0.0279668  0.00103157 3.85582e-12
0.0089 0.0278803  0.00104501 3.9716e-12
0.009 0.0277938  0.00105851 4.08894e-12
0.0091 0.0277074  0.00107208 4.20784e-12
0.0092 0.027621  0.00108571 4.32829e-12
0.0093 0.0275347  0.00109941 4.45032e-12
0.0094 0.0274485  0.00111318 4.5739e-12
0.0095 0.0273623  0.00112702 4.69904e-12
0.0096 0.0272762  0.00114093 4.82576e-12
0.0097 0.0271902  0.0011549 4.95404e-12
0.0098 0.0271042  0.00116895 5.0839e-12
0.0099 0.0270183  0.00118306 5.21532e-12
0.01 0.0269325  0.00119725 5.34832e-12
0.0101 0.0268468  0.00121151 5.48288e-12
0.0102 0.0267611  0.00122584 5.61902e-12
0.0103 0.0266755  0.00124024 5.75674e-12
0.0104 0.02659  0.00125472 5.89603e-12
0.0105 0.0265046  0.00126927 6.03691e-12
0.0106 0.0264192  0.0012839 6.17936e-12
0.0107 0.0263339  0.00129861 6.32339e-12
0.0108 0.0262487  0.00131339 6.46901e-12
0.0109 0.0261635  0.00132824 6.6162e-12
0.011 0.0260785  0.00134318 6.76499e-12
0.0111 0.0259935  0.00135819 6.91535e-12
0.0112 0.0259086  0.00137328 7.0673e-12
0.0113 0.0258237  0.00138846 7.22085e-12
0.0114 0.025739  0.00140371 7.37597e-12
0.0115 0.0256543  0.00141904 7.53269e-12
0.0116 0.0255697  0.00143446 7.69099e-12
0.0117 0.0254852  0.00144996 7.85089e-12
0.0118 0.0254008  0.00146554 8.01238e-12
0.0119 0.0253165  0.00148121 8.17547e-12
0.012 0.0252322  0.00149696 8.34013e-12
0.0121 0.0251481  0.00151279 8.50641e-12
0.0122 0.025064  0.00152872 8.67427e-12
0.0123 0.02498  0.00154473 8.84374e-12
0.0124 0.0248961  0.00156082 9.0148e-12
0.0125 0.0248123  0.00157701 9.18745e-12
0.0126 0.0247286  0.00159328 9.36171e-12
0.0127 0.0246449  0.00160965 9.53756e-12
0.0128 0.0245614  0.00162611 9.71501e-12
0.0129 0.0244779  0.00164265 9.89408e-12
0.013 0.0243946  0.00165929 1.00747e-11
0.0131 0.0243113  0.00167603 1.0257e-11
0.0132 0.0242281  0.00169285 1.04409e-11
0.0133 0.0241451  0.00170977 1.06263e-11
0.0134 0.0240621  0.00172679 1.08134e-11
0.0135 0.0239792  0.0017439 1.10021e-11
0.0136 0.0238964  0.00176111 1.11924e-11
0.0137 0.0238137  0.00177842 1.13843e-11
0.0138 0.0237311  0.00179583 1.15778e-11
0.0139 0.0236486  0.00181333 1.17729e-11
0.014 0.0235662  0.00183094 1.19696e-11
0.0141 0.0234839  0.00184865 1.21679e-11
0.0142 0.0234017  0.00186646 1.23679e-11
0.0143 0.0233196  0.00188437 1.25694e-11
0.0144 0.0232377  0.00190238 1.27726e-11
0.0145 0.0231558  0.0019205 1.29773e-11
0.0146 0.023074  0.00193873 1.31837e-11
0.0147 0.0229923  0.00195706 1.33917e-11
0.0148 0.0229108  0.0019755 1.36013e-11
0.0149 0.0228293  0.00199405 1.38125e-11
0.015 0.022748  0.00201271 -3.87912e-11
0.0151 0.0226668  0.00203147 -3.8958e-11
0.0152 0.0225856  0.00205035 -3.91208e-11
0.0153 0.0225046  0.00206934 -3.92795e-11
0.0154 0.0224237  0.00208844 -3.94341e-11
0.0155 0.0223429  0.00210766 -3.95846e-11
0.0156 0.0222623  0.00212699 -3.97309e-11
0.0157 0.0221817  0.00214644 -3.9873e-11
0.0158 0.0221013  0.002166 -4.00109e-11
0.0159 0.022021  0.00218568 -4.01444e-11
0.016 0.0219408  0.00220548 -4.02736e-11
0.0161 0.0218607  0.00222539 -4.03984e-11
0.0162 0.0217807  0.00224543 -4.05189e-11
0.0163 0.0217009  0.00226559 -4.06348e-11
0.0164 0.0216212  0.00228587 -4.07463e-11
0.0165 0.0215416  0.00230628 -4.08533e-11
0.0166 0.0214621  0.00232681 -4.09557e-11
0.0167 0.0213827  0.00234746 -4.10534e-11
0.0168 0.0213035  0.00236825 -4.11466e-11
0.0169 0.0212244  0.00238915 -4.12351e-11
0.017 0.0211455  0.00241019 -4.13188e-11
0.0171 0.0210666  0.00243136 -4.13978e-11
0.0172 0.0209879  0.00245266 -4.1472e-11
0.0173 0.0209094  0.00247409 -4.15414e-11
0.0174 0.0208309  0.00249565 -4.16059e-11
0.0175 0.0207526  0.00251734 -4.16655e-11
0.0176 0.0206745  0.00253917 -4.17202e-11
0.0177 0.0205964  0.00256114 -4.17699e-11
0.0178 0.0205185  0.00258324 -4.18146e-11
0.0179 0.0204408  0.00260549 -4.18543e-11
0.018 0.0203631  0.00262787 -4.18889e-11
0.0181 0.0202857  0.00265039 -4.19184e-11
0.0182 0.0202083  0.00267305 -4.19427e-11
0.0183 0.0201311  0.00269586 -4.19619e-11
0.0184 0.0200541  0.00271881 -4.19758e-11
0.0185 0.0199772  0.00274191 -4.19845e-11
0.0186 0.0199004  0.00276515 -4.19879e-11
0.0187 0.0198238  0.00278854 -4.1986e-11
0.0188 0.0197474  0.00281208 -4.19787e-11
0.0189 0.019671  0.00283576 -4.1966e-11
0.019 0.0195949  0.0028596 -4.1948e-11
0.0191 0.0195189  0.00288359 -4.19244e-11
0.0192 0.019443  0.00290774 -4.18954e-11
0.0193 0.0193673  0.00293203 -4.18608e-11
0.0194 0.0192918  0.00295649 -4.18207e-11
0.0195 0.0192164  0.0029811 -4.17751e-11
0.0196 0.0191411  0.00300587 -4.17238e-11
0.0197 0.0190661  0.0030308 -4.16668e-11
0.0198 0.0189912  0.00305589 -4.16042e-11
0.0199 0.0189164  0.00308114 -4.15358e-11
0.02 0.0188418  0.00310656 -4.14617e-11
0.0201 0.0187674  0.00313214 -4.13818e-11
0.0202 0.0186932  0.00315788 -4.12961e-11
0.0203 0.0186191  0.00318379 -4.12046e-11
0.0204 0.0185452  0.00320987 -4.11071e-11
0.0205 0.0184714  0.00323613 -4.10038e-11
0.0206 0.0183978  0.00326255 -4.08945e-11
0.0207 0.0183244  0.00328914 -4.07793e-11
0.0208 0.0182512  0.00331591 -4.0658e-11
0.0209 0.0181781  0.00334285 -4.05308e-11
0.021 0.0181052  0.00336997 -4.03974e-11
0.0211 0.0180325  0.00339726 -4.0258e-11
0.0212 0.01796  0.00342474 -4.01124e-11
0.0213 0.0178877  0.00345239 -3.99607e-11
0.0214 0.0178155  0.00348023 -3.98028e-11
0.0215 0.0177435  0.00350825 -3.96387e-11
0.0216 0.0176717  0.00353645 -3.94684e-11
0.0217 0.0176001  0.00356484 -3.92917e-11
0.0218 0.0175287  0.00359342 -3.91088e-11
0.0219 0.0174575  0.00362219 -3.89195e-11
0.022 0.0173864  0.00365114 -3.87239e-11
0.0221 0.0173156  0.00368029 -3.85219e-11
0.0222 0.0172449  0.00370962 -3.83134e-11
0.0223 0.0171744  0.00373916 -3.80985e-11
0.0224 0.0171042  0.00376888 -3.78771e-11
0.0225 0.0170341  0.00379881 -3.76492e-11
0.0226 0.0169642  0.00382893 -3.74148e-11
0.0227 0.0168945  0.00385925 -3.71738e-11
0.0228 0.016825  0.00388977 -3.69262e-11
0.0229 0.0167558  0.00392049 -3.6672e-11
0.023 0.0166867  0.00395142 -3.64111e-11
0.0231 0.0166178  0.00398255 -3.61436e-11
0.0232 0.0165492  0.00401389 -3.58693e-11
0.0233 0.0164807  0.00404544 -3.55883e-11
0.0234 0.0164125  0.00407719 -3.53005e-11
0.0235 0.0163444  0.00410916 -3.5006e-11
0.0236 0.0162766  0.00414134 -3.47046e-11
0.0237 0.016209  0.00417373 -3.43964e-11
0.0238 0.0161416  0.00420633 -3.40813e-11
0.0239 0.0160744  0.00423916 -3.37593e-11
0.024 0.0160075  0.00427219 -3.34303e-11
0.0241 0.0159407  0.00430545 -3.30944e-11
0.0242 0.0158742  0.00433893 -3.27515e-11
0.0243 0.0158079  0.00437263 -3.24017e-11
0.0244 0.0157418  0.00440655 -3.20447e-11
0.0245 0.015676  0.0044407 -3.16807e-11
0.0246 0.0156104  0.00447507 -3.13096e-11
0.0247 0.015545  0.00450967 -3.09314e-11
0.0248 0.0154798  0.0045445 -3.05461e-11
0.0249 0.0154148  0.00457956 -3.01535e-11
0.025 0.0153501  0.00461485 -2.97538e-11
0.0251 0.0152857  0.00465037 -2.93469e-11
0.0252 0.0152214  0.00468613 -2.89327e-11
0.0253 0.0151574  0.00472212 -2.85112e-11
0.0254 0.0150936  0.00475835 -2.80824e-11
0.0255 0.0150301  0.00479482 -2.76463e-11
0.0256 0.0149668  0.00483152 -2.72028e-11
0.0257 0.0149037  0.00486847 -2.6752e-11
0.0258 0.0148409  0.00490565 -2.62938e-11
0.0259 0.0147784  0.00494308 -2.58281e-11
0.026 0.014716  0.00498076 -2.53549e-11
0.0261 0.014654  0.00501868 -2.48743e-11
0.0262 0.0145921  0.00505685 -2.43862e-11
0.0263 0.0145305  0.00509526 -2.38906e-11
0.0264 0.0144692  0.00513393 -2.33873e-11
0.0265 0.0144081  0.00517284 -2.28765e-11
0.0266 0.0143473  0.00521201 -2.23581e-11
0.0267 0.0142867  0.00525143 -2.18321e-11
0.0268 0.0142264  0.0052911 -2.12984e-11
0.0269 0.0141663  0.00533103 -2.07571e-11
0.027 0.0141065  0.00537122 -2.0208e-11
0.0271 0.0140469  0.00541166 -1.96512e-11
0.0272 0.0139876  0.00545236 -1.90866e-11
0.0273 0.0139286  0.00549333 -1.85143e-11
0.0274 0.0138698  0.00553455 -1.79342e-11
0.0275 0.0138113  0.00557603 -1.73462e-11
0.0276 0.0137531  0.00561778 -1.67504e-11
0.0277 0.0136951  0.0056598 -1.61467e-11
0.0278 0.0136374  0.00570207 -1.55351e-11
0.0279 0.0135799  0.00574462 -1.49156e-11
0.028 0.0135227  0.00578743 -1.42881e-11
0.0281 0.0134658  0.0058305 -1.36527e-11
0.0282 0.0134091  0.00587385 -1.30093e-11
0.0283 0.0133527  0.00591747 -1.23579e-11
0.0284 0.0132966  0.00596136 -1.16984e-11
0.0285 0.0132408  0.00600552 -1.10308e-11
0.0286 0.0131852  0.00604995 -1.03552e-11
0.0287 0.0131299  0.00609465 -9.67147e-12
0.0288 0.0130749  0.00613963 -8.9796e-12
0.0289 0.0130202  0.00618489 -8.27957e-12
0.029 0.0129657  0.00623042 -7.57137e-12
0.0291 0.0129115  0.00627623 -6.85496e-12
0.0292 0.0128576  0.00632231 -6.13033e-12
0.0293 0.012804  0.00636867 -5.39745e-12
0.0294 0.0127506  0.00641531 -4.65629e-12
0.0295 0.0126975  0.00646223 -3.90685e-12
0.0296 0.0126447  0.00650943 -3.14909e-12
0.0297 0.0125922  0.00655691 -2.38299e-12
0.0298 0.01254  0.00660467 -1.60854e-12
0.0299 0.012488  0.00665271 -8.25696e-13
0.03 0.0124363  0.00670104 -3.44507e-14
0.0301 0.0123849  0.00674964 -1.95521e-14
0.0302 0.0123338  0.00679853 -1.44355e-14
0.0303 0.012283  0.0068477 -9.29465e-15
0.0304 0.0122324  0.00689716 -4.13038e-15
0.0305 0.0121822  0.0069469 -2.34188e-17
0.0306 0.0121322  0.00699692 1.82146e-17
0.0307 0.0120825  0.00704723 1.73472e-18
0.0308 0.0120331  0.00709782 5.20417e-18
0.0309 0.011984  0.0071487 -2.42861e-17
0.031 0.0119351  0.00719987 -8.67362e-18
0.0311 0.0118866  0.00725132 -1.47451e-17
0.0312 0.0118383  0.00730305 -1.73472e-18
0.0313 0.0117904  0.00735507 2.60209e-18
0.0314 0.0117427  0.00740738 -1.30104e-17
0.0315 0.0116953  0.00745997 2.60209e-18
0.0316 0.0116481  0.00751285 -2.25514e-17
0.0317 0.0116013  0.00756601 1.73472e-18
0.0318 0.0115547  0.00761946 -2.08167e-17
0.0319 0.0115085  0.0076732 6.07153e-18
0.032 0.0114625  0.00772722 -1.73472e-17
0.0321 0.0114168  0.00778153 -3.46945e-18
0.0322 0.0113714  0.00783612 -1.38778e-17
0.0323 0.0113263  0.007891 -2.77556e-17
0.0324 0.0112814  0.00794616 -8.67362e-18
0.0325 0.0112369  0.00800161 -3.1225e-17
0.0326 0.0111926  0.00805734 -6.93889e-18
0.0327 0.0111486  0.00811336 -1.56125e-17
0.0328 0.0111049  0.00816966 1.73472e-18
0.0329 0.0110615  0.00822624 6.93889e-18
0.033 0.0110184  0.00828311 -3.46945e-18
0.0331 0.0109755  0.00834026 -3.29597e-17
0.0332 0.010933  0.00839769 -1.73472e-18
0.0333 0.0108907  0.0084554 -5.20417e-18
0.0334 0.0108487  0.00851339 -1.73472e-17
0.0335 0.0108069  0.00857167 -1.73472e-17
0.0336 0.0107655  0.00863022 -1.73472e-18
0.0337 0.0107243  0.00868906 -1.38778e-17
0.0338 0.0106834  0.00874817 -1.04083e-17
0.0339 0.0106428  0.00880756 0
0.034 0.0106025  0.00886723 -1.56125e-17
0.0341 0.0105624  0.00892717 0
0.0342 0.0105227  0.00898739 -3.98986e-17
0.0343 0.0104832  0.00904789 -3.46945e-18
0.0344 0.0104439  0.00910865 -1.56125e-17
0.0345 0.010405  0.0091697 -3.46945e-18
0.0346 0.0103663  0.00923101 -2.60209e-17
0.0347 0.0103279  0.0092926 -1.38778e-17
0.0348 0.0102897  0.00935446 -2.25514e-17
0.0349 0.0102519  0.00941659 1.21431e-17
0.035 0.0102143  0.00947898 -1.21431e-17
0.0351 0.0101769  0.00954165 -3.46945e-18
0.0352 0.0101399  0.00960458 -1.21431e-17
0.0353 0.0101031  0.00966778 -6.93889e-18
0.0354 0.0100665  0.00973124 -2.60209e-17
0.0355 0.0100302  0.00979497 -6.93889e-18
0.0356 0.00999424  0.00985896 -1.04083e-17
0.0357 0.00995849  0.00992321 -2.08167e-17
0.0358 0.009923  0.00998772 -1.73472e-18
0.0359 0.00988777  0.0100525 -1.04083e-17
0.036 0.0098528  0.0101175 -8.67362e-18
0.0361 0.00981808  0.0101828 -1.04083e-17
0.0362 0.00978363  0.0102483 -3.46945e-18
0.0363 0.00974942  0.0103141 -6.93889e-18
0.0364 0.00971547  0.0103802 1.73472e-18
0.0365 0.00968177  0.0104465 6.93889e-18
0.0366 0.00964833  0.010513 5.20417e-18
0.0367 0.00961513  0.0105798 -5.20417e-18
0.0368 0.00958218  0.0106469 -2.60209e-17
0.0369 0.00954948  0.0107142 0
0.037 0.00951702  0.0107817 1.56125e-17
0.0371 0.00948481  0.0108495 0
0.0372 0.00945284  0.0109176 -6.93889e-18
0.0373 0.00942111  0.0109858 0
0.0374 0.00938962  0.0110543 -1.04083e-17
0.0375 0.00935837  0.0111231 0
0.0376 0.00932736  0.0111921 -5.20417e-18
0.0377 0.00929658  0.0112613 -1.38778e-17
0.0378 0.00926604  0.0113308 -2.42861e-17
0.0379 0.00923573  0.0114004 1.21431e-17
0.038 0.00920565  0.0114704 -6.93889e-18
0.0381 0.0091758  0.0115405 -3.46945e-18
0.0382 0.00914619  0.0116109 1.73472e-18
0.0383 0.00911679  0.0116815 -8.67362e-18
0.0384 0.00908763  0.0117523 -2.08167e-17
0.0385 0.00905869  0.0118234 -8.67362e-18
0.0386 0.00902997  0.0118947 -2.08167e-17
0.0387 0.00900147  0.0119662 -5.20417e-18
0.0388 0.0089732  0.0120379 -1.73472e-17
0.0389 0.00894514  0.0121099 -5.20417e-18
0.039 0.00891729  0.012182 3.46945e-18
0.0391 0.00888967  0.0122544 -1.56125e-17
0.0392 0.00886225  0.012327 1.04083e-17
0.0393 0.00883505  0.0123998 0
0.0394 0.00880806  0.0124728 -3.46945e-18
0.0395 0.00878128  0.012546 -6.93889e-18
0.0396 0.00875471  0.0126194 -6.93889e-18
0.0397 0.00872834  0.0126931 -6.93889e-18
0.0398 0.00870218  0.0127669 -2.60209e-17
0.0399 0.00867622  0.0128409 1.56125e-17
0.04 0.00865047  0.0129152 -5.20417e-18
0.0401 0.00862491  0.0129896 -3.46945e-18
0.0402 0.00859955  0.0130643 -3.46945e-18
0.0403 0.00857439  0.0131391 -8.67362e-18
0.0404 0.00854943  0.0132141 -5.20417e-18
0.0405 0.00852466  0.0132894 -1.21431e-17
0.0406 0.00850008  0.0133648 -6.93889e-18
0.0407 0.00847569  0.0134404 -1.21431e-17
0.0408 0.00845149  0.0135162 -1.9082e-17
0.0409 0.00842748  0.0135922 -2.94903e-17
0.041 0.00840366  0.0136684 -1.21431e-17
0.0411 0.00838002  0.0137447 5.20417e-18
0.0412 0.00835656  0.0138213 3.46945e-18
0.0413 0.00833329  0.013898 -8.67362e-18
0.0414 0.0083102  0.0139749 -5.20417e-18
0.0415 0.00828729  0.014052 -8.67362e-18
0.0416 0.00826455  0.0141293 -3.46945e-18
0.0417 0.00824199  0.0142067 -1.21431e-17
0.0418 0.00821961  0.0142843 0
0.0419 0.0081974  0.0143621 -1.73472e-17
0.042 0.00817536  0.0144401 -1.73472e-18
0.0421 0.00815349  0.0145182 -1.38778e-17
0.0422 0.00813179  0.0145965 -3.46945e-17
0.0423 0.00811025  0.014675 -2.42861e-17
0.0424 0.00808889  0.0147536 8.67362e-18
0.0425 0.00806768  0.0148324 -2.08167e-17
0.0426 0.00804665  0.0149114 -1.56125e-17
0.0427 0.00802577  0.0149905 -1.73472e-17
0.0428 0.00800505  0.0150698 -8.67362e-18
0.0429 0.00798449  0.0151492 0
0.043 0.00796409  0.0152288 -5.20417e-18
0.0431 0.00794385  0.0153086 -2.10405e-14
0.0432 0.00792376  0.0153885 -2.09156e-14
0.0433 0.00790383  0.0154685 -2.07195e-14
0.0434 0.00788404  0.0155488 -2.052e-14
0.0435 0.00786441  0.0156291 -2.0246e-14
0.0436 0.00784493  0.0157096 -1.99268e-14
0.0437 0.00782559  0.0157903 -1.9585e-14
0.0438 0.0078064  0.0158711 -1.92277e-14
0.0439 0.00778736  0.0159521 -1.88252e-14
0.044 0.00776846  0.0160332 -1.83967e-14
0.0441 0.00774971  0.0161144 -1.79804e-14
0.0442 0.00773109  0.0161958 -1.75398e-14
0.0443 0.00771262  0.0162773 -1.712e-14
0.0444 0.00769429  0.016359 -1.6636e-14
0.0445 0.00767609  0.0164408 -1.73472e-17
0.0446 0.00765803  0.0165228 -8.67362e-18
0.0447 0.00764011  0.0166048 6.93889e-18
0.0448 0.00762232  0.016687 -8.67362e-18
0.0449 0.00760466  0.0167694 -2.60209e-17
0.045 0.00758713  0.0168519 -1.38778e-17
0.0451 0.00756974  0.0169345 1.73472e-17
0.0452 0.00755247  0.0170172 -1.56125e-17
0.0453 0.00753534  0.0171001 -1.04083e-17
0.0454 0.00751833  0.017183 -1.38778e-17
0.0455 0.00750144  0.0172662 -5.20417e-18
0.0456 0.00748468  0.0173494 5.20417e-18
0.0457 0.00746804  0.0174328 -1.38778e-17
0.0458 0.00745153  0.0175163 1.04083e-17
0.0459 0.00743514  0.0175999 -1.73472e-17
0.046 0.00741886  0.0176836 1.04083e-17
0.0461 0.00740271  0.0177674 8.67362e-18
0.0462 0.00738667  0.0178514 -3.46945e-18
0.0463 0.00737075  0.0179355 6.93889e-18
0.0464 0.00735495  0.0180197 3.46945e-18
0.0465 0.00733926  0.018104 0
0.0466 0.00732369  0.0181884 1.38778e-17
0.0467 0.00730822  0.0182729 -1.73472e-18
0.0468 0.00729287  0.0183576 -1.56125e-17
0.0469 0.00727763  0.0184424 -6.93889e-18
0.047 0.0072625  0.0185272 -3.1225e-17
0.0471 0.00724748  0.0186122 -1.73472e-17
0.0472 0.00723256  0.0186973 -1.73472e-17
0.0473 0.00721775  0.0187825 3.46945e-18
0.0474 0.00720305  0.0188678 -8.67362e-18
0.0475 0.00718845  0.0189532 -6.93889e-18
0.0476 0.00717395  0.0190387 3.46945e-18
0.0477 0.00715956  0.0191243 8.67362e-18
0.0478 0.00714527  0.01921 -8.67362e-18
0.0479 0.00713108  0.0192958 -3.46945e-18
0.048 0.00711699  0.0193817 -1.73472e-17
0.0481 0.007103  0.0194677 -2.08167e-17
0.0482 0.0070891  0.0195538 -3.1225e-17
0.0483 0.0070753  0.01964 -1.73472e-17
0.0484 0.0070616  0.0197263 1.38778e-17
0.0485 0.00704799  0.0198127 -3.46945e-18
0.0486 0.00703448  0.0198992 -1.21431e-17
0.0487 0.00702106  0.0199858 -1.04083e-17
0.0488 0.00700774  0.0200725 -3.46945e-18
0.0489 0.0069945  0.0201592 -1.56125e-17
0.049 0.00698136  0.0202461 -1.04083e-17
0.0491 0.0069683  0.020333 -2.08167e-17
0.0492 0.00695534  0.0204201 -1.04083e-17
0.0493 0.00694246  0.0205072 6.93889e-18
0.0494 0.00692967  0.0205944 0
0.0495 0.00691697  0.0206817 -1.21431e-17
0.0496 0.00690436  0.0207691 -2.77556e-17
0.0497 0.00689182  0.0208565 1.73472e-18
0.0498 0.00687938  0.0209441 -1.38778e-17
0.0499 0.00686701  0.0210317 -3.46945e-18
0.05 0.00685473  0.0211195 -1.21431e-17
0.0501 0.00684254  0.0212073 -6.93889e-18
0.0502 0.00683042  0.0212951 0
0.0503 0.00681838  0.0213831 -1.73472e-17
0.0504 0.00680642  0.0214711 -1.73472e-17
0.0505 0.00679455  0.0215593 -1.04083e-17
0.0506 0.00678275  0.0216475 -6.93889e-18
0.0507 0.00677102  0.0217357 8.67362e-18
0.0508 0.00675938  0.0218241 3.46945e-18
0.0509 0.00674781  0.0219125 -8.67362e-18
0.051 0.00673632  0.022001 -6.93889e-18
0.0511 0.0067249  0.0220896 -1.56125e-17
0.0512 0.00671355  0.0221783 -2.42861e-17
0.0513 0.00670228  0.022267 -6.93889e-18
0.0514 0.00669108  0.0223558 -1.38778e-17
0.0515 0.00667996  0.0224447 -2.08167e-17
0.0516 0.0066689  0.0225336 -1.04083e-17
0.0517 0.00665792  0.0226226 -6.93889e-18
0.0518 0.00664701  0.0227117 -2.08167e-17
0.0519 0.00663616  0.0228009 -1.04083e-17
0.052 0.00662539  0.0228901 6.93889e-18
0.0521 0.00661468  0.0229794 6.93889e-18
0.0522 0.00660404  0.0230688 0
0.0523 0.00659347  0.0231582 6.93889e-18
0.0524 0.00658296  0.0232477 -1.04083e-17
0.0525 0.00657252  0.0233372 6.93889e-18
0.0526 0.00656215  0.0234269 -3.46945e-17
0.0527 0.00655184  0.0235166 0
0.0528 0.00654159  0.0236063 -2.42861e-17
0.0529 0.00653141  0.0236961 -2.08167e-17
0.053 0.00652129  0.023786 -6.93889e-18
0.0531 0.00651123  0.023876 0
0.0532 0.00650124  0.023966 0
0.0533 0.0064913  0.024056 -6.93889e-18
0.0534 0.00648143  0.0241462 -3.46945e-18
0.0535 0.00647162  0.0242363 -1.38778e-17
0.0536 0.00646186  0.0243266 0
0.0537 0.00645217  0.0244169 -1.38778e-17
0.0538 0.00644254  0.0245073 -1.38778e-17
0.0539 0.00643296  0.0245977 -1.38778e-17
0.054 0.00642344  0.0246882 6.93889e-18
0.0541 0.00641398  0.0247787 -6.93889e-18
0.0542 0.00640457  0.0248693 6.93889e-18
0.0543 0.00639522  0.0249599 -1.73472e-17
0.0544 0.00638593  0.0250506 -6.93889e-18
0.0545 0.00637669  0.0251414 -2.42861e-17
0.0546 0.00636751  0.0252322 3.46945e-18
0.0547 0.00635838  0.0253231 3.46945e-18
0.0548 0.0063493  0.025414 2.08167e-17
0.0549 0.00634028  0.025505 6.93889e-18
0.055 0.00633131  0.025596 -2.77556e-17
0.0551 0.00632239  0.0256871 6.93889e-18
0.0552 0.00631352  0.0257782 -3.46945e-17
0.0553 0.00630471  0.0258694 0
0.0554 0.00629595  0.0259607 0
0.0555 0.00628723  0.026052 -1.04083e-17
0.0556 0.00627857  0.0261433 -1.04083e-17
0.0557 0.00626996  0.0262347 0
0.0558 0.00626139  0.0263261 -1.38778e-17
0.0559 0.00625288  0.0264176 -2.42861e-17
0.056 0.00624441  0.0265091 3.46945e-18
0.0561 0.00623599  0.0266007 -1.07553e-16
0.0562 0.00622762  0.0266923 -1.14492e-16
0.0563 0.0062193  0.026784 -1.00614e-16
0.0564 0.00621102  0.0268757 -6.93889e-17
0.0565 0.00620279  0.0269675 -9.71445e-17
0.0566 0.00619461  0.0270593 -1.00614e-16
0.0567 0.00618647  0.0271512 -6.59195e-17
0.0568 0.00617838  0.0272431 -1.11022e-16
0.0569 0.00617033  0.0273351 -7.97973e-17
0.057 0.00616233  0.027427 -8.67362e-17
0.0571 0.00615437  0.0275191 -7.63278e-17
0.0572 0.00614645  0.0276112 -7.28584e-17
0.0573 0.00613858  0.0277033 -9.02056e-17
0.0574 0.00613075  0.0277955 -4.85723e-17
0.0575 0.00612296  0.0278877 -5.89806e-17
0.0576 0.00611522  0.0279799 -6.93889e-17
0.0577 0.00610752  0.0280722 -9.71445e-17
0.0578 0.00609986  0.0281646 -6.245e-17
0.0579 0.00609224  0.028257 -4.51028e-17
0.058 0.00608466  0.0283494 -3.1225e-17
0.0581 0.00607712  0.0284418 -5.55112e-17
0.0582 0.00606962  0.0285343 -4.16334e-17
0.0583 0.00606217  0.0286269 -4.16334e-17
0.0584 0.00605475  0.0287195 -3.1225e-17
0.0585 0.00604737  0.0288121 -2.08167e-17
0.0586 0.00604003  0.0289048 -1.38778e-17
0.0587 0.00603273  0.0289975 -4.16334e-17
0.0588 0.00602547  0.0290902 -5.55112e-17
0.0589 0.00601825  0.029183 -4.16334e-17
0.059 0.00601106  0.0292758 -4.16334e-17
0.0591 0.00600391  0.0293686 -3.46945e-17
0.0592 0.0059968  0.0294615 -4.85723e-17
0.0593 0.00598972  0.0295544 -4.16334e-17
0.0594 0.00598269  0.0296474 -2.42861e-17
0.0595 0.00597568  0.0297404 3.46945e-18
0.0596 0.00596872  0.0298334 -2.77556e-17
0.0597 0.00596179  0.0299265 -3.1225e-17
0.0598 0.00595489  0.0300196 -3.46945e-17
0.0599 0.00594803  0.0301128 -3.46945e-17
0.06 0.00594121  0.0302059 -2.77556e-17
0.0601 0.00593442  0.0302991 -2.77556e-17
0.0602 0.00592766  0.0303924 -2.08167e-17
0.0603 0.00592094  0.0304857 -2.77556e-17
0.0604 0.00591425  0.030579 -2.77556e-17
0.0605 0.0059076  0.0306723 -6.93889e-18
0.0606 0.00590098  0.0307657 -1.38778e-17
0.0607 0.00589439  0.0308591 -2.08167e-17
0.0608 0.00588784  0.0309526 -2.42861e-17
0.0609 0.00588131  0.031046 -2.42861e-17
0.061 0.00587482  0.0311395 -2.42861e-17
0.0611 0.00586836  0.0312331 -1.38778e-17
0.0612 0.00586194  0.0313267 -2.42861e-17
0.0613 0.00585554  0.0314203 -1.38778e-17
0.0614 0.00584918  0.0315139 -3.46945e-18
0.0615 0.00584285  0.0316076 6.93889e-18
0.0616 0.00583654  0.0317013 -2.77556e-17
0.0617 0.00583027  0.031795 1.38778e-17
0.0618 0.00582403  0.0318888 -3.46945e-17
0.0619 0.00581782  0.0319825 -1.73472e-17
0.062 0.00581164  0.0320764 -3.46945e-18
0.0621 0.00580549  0.0321702 -2.08167e-17
0.0622 0.00579936  0.0322641 0
0.0623 0.00579327  0.032358 0
0.0624 0.00578721  0.0324519 -2.77556e-17
0.0625 0.00578117  0.0325459 -3.46945e-18
0.0626 0.00577517  0.0326399 -3.81639e-17
0.0627 0.00576919  0.0327339 6.93889e-18
0.0628 0.00576324  0.032828 -3.1225e-17
0.0629 0.00575731  0.032922 1.04083e-17
0.063 0.00575142  0.0330161 0
0.0631 0.00574555  0.0331103 -3.1225e-17
0.0632 0.00573971  0.0332044 1.04083e-17
0.0633 0.0057339  0.0332986 -3.46945e-17
0.0634 0.00572811  0.0333928 -1.04083e-17
0.0635 0.00572236  0.0334871 3.46945e-18
0.0636 0.00571662  0.0335813 0
0.0637 0.00571092  0.0336756 -2.08167e-17
0.0638 0.00570524  0.03377 -1.73472e-17
0.0639 0.00569958  0.0338643 6.93889e-18
0.064 0.00569395  0.0339587 -2.08167e-17
0.0641 0.00568835  0.0340531 -1.73472e-17
0.0642 0.00568277  0.0341475 -1.73472e-17
0.0643 0.00567722  0.0342419 -3.46945e-18
0.0644 0.00567169  0.0343364 -2.77556e-17
0.0645 0.00566619  0.0344309 -1.73472e-17
0.0646 0.00566071  0.0345254 6.93889e-18
0.0647 0.00565526  0.03462 6.93889e-18
0.0648 0.00564983  0.0347145 -3.46945e-18
0.0649 0.00564442  0.0348091 6.93889e-18
0.065 0.00563904  0.0349038 -6.93889e-18
0.0651 0.00563368  0.0349984 -2.77556e-17
0.0652 0.00562835  0.0350931 -2.08167e-17
0.0653 0.00562304  0.0351878 -1.04083e-17
0.0654 0.00561775  0.0352825 -6.93889e-18
0.0655 0.00561249  0.0353772 1.38778e-17
0.0656 0.00560725  0.035472 -3.46945e-18
0.0657 0.00560203  0.0355668 0
0.0658 0.00559683  0.0356616 -1.04083e-17
0.0659 0.00559166  0.0357564 -2.77556e-17
0.066 0.00558651  0.0358512 -3.46945e-18
0.0661 0.00558138  0.0359461 -1.04083e-17
0.0662 0.00557627  0.036041 0
0.0663 0.00557119  0.0361359 -1.38778e-17
0.0664 0.00556613  0.0362308 -2.08167e-17
0.0665 0.00556109  0.0363258 -1.38778e-17
0.0666 0.00555606  0.0364208 -1.38778e-17
0.0667 0.00555107  0.0365158 0
0.0668 0.00554609  0.0366108 2.08167e-17
0.0669 0.00554113  0.0367059 -1.04083e-17
0.067 0.00553619  0.0368009 -6.93889e-18
0.0671 0.00553128  0.036896 -1.38778e-17
0.0672 0.00552638  0.0369911 -6.93889e-18
0.0673 0.00552151  0.0370862 -2.77556e-17
0.0674 0.00551666  0.0371814 0
0.0675 0.00551182  0.0372765 0
0.0676 0.00550701  0.0373717 -2.77556e-17
0.0677 0.00550221  0.0374669 -2.08167e-17
0.0678 0.00549744  0.0375622 0
0.0679 0.00549268  0.0376574 2.08167e-17
0.068 0.00548795  0.0377527 -1.38778e-17
0.0681 0.00548323  0.037848 -2.08167e-17
0.0682 0.00547853  0.0379433 -2.77556e-17
0.0683 0.00547386  0.0380386 6.93889e-18
0.0684 0.0054692  0.0381339 -2.08167e-17
0.0685 0.00546456  0.0382293 0
0.0686 0.00545993  0.0383247 -2.77556e-17
0.0687 0.00545533  0.0384201 -1.38778e-17
0.0688 0.00545075  0.0385155 6.93889e-18
0.0689 0.00544618  0.0386109 -2.08167e-17
0.069 0.00544163  0.0387064 -2.08167e-17
0.0691 0.0054371  0.0388018 6.93889e-18
0.0692 0.00543259  0.0388973 -2.08167e-17
0.0693 0.0054281  0.0389928 -6.93889e-18
0.0694 0.00542362  0.0390883 6.93889e-18
0.0695 0.00541916  0.0391839 -6.93889e-18
0.0696 0.00541472  0.0392794 -1.38778e-17
0.0697 0.00541029  0.039375 -2.08167e-17
0.0698 0.00540589  0.0394706 -1.38778e-17
0.0699 0.0054015  0.0395662 6.93889e-18
0.07 0.00539713  0.0396618 0
0.0701 0.00539277  0.0397575 0
0.0702 0.00538843  0.0398532 -2.08167e-17
0.0703 0.00538411  0.0399488 -3.46945e-17
0.0704 0.0053798  0.0400445 -2.08167e-17
0.0705 0.00537551  0.0401402 1.38778e-17
0.0706 0.00537124  0.040236 2.08167e-17
0.0707 0.00536699  0.0403317 1.38778e-17
0.0708 0.00536274  0.0404275 -2.77556e-17
0.0709 0.00535852  0.0405232 0
0.071 0.00535431  0.040619 -1.38778e-17
0.0711 0.00535012  0.0407148 0
0.0712 0.00534594  0.0408107 -1.38778e-17
0.0713 0.00534178  0.0409065 -1.38778e-17
0.0714 0.00533764  0.0410024 1.38778e-17
0.0715 0.00533351  0.0410982 -3.46945e-17
0.0716 0.00532939  0.0411941 6.93889e-18
0.0717 0.0053253  0.04129 -1.38778e-17
0.0718 0.00532121  0.0413859 -1.38778e-17
0.0719 0.00531714  0.0414819 0
0.072 0.00531309  0.0415778 -6.93889e-18
0.0721 0.00530905  0.0416738 -3.46945e-17
0.0722 0.00530503  0.0417697 -6.93889e-18
0.0723 0.00530102  0.0418657 0
0.0724 0.00529702  0.0419617 -6.93889e-18
0.0725 0.00529304  0.0420578 6.93889e-18
0.0726 0.00528908  0.0421538 6.93889e-18
0.0727 0.00528513  0.0422498 -1.38778e-17
0.0728 0.00528119  0.0423459 -2.77556e-17
0.0729 0.00527727  0.042442 -4.16334e-17
0.073 0.00527336  0.0425381 -1.38778e-17
0.0731 0.00526947  0.0426342 1.38778e-17
0.0732 0.00526559  0.0427303 -1.38778e-17
0.0733 0.00526172  0.0428264 6.93889e-18
0.0734 0.00525787  0.0429226 -2.77556e-17
0.0735 0.00525403  0.0430187 6.93889e-18
0.0736 0.0052502  0.0431149 -1.38778e-17
0.0737 0.00524639  0.0432111 0
0.0738 0.00524259  0.0433073 0
0.0739 0.00523881  0.0434035 -6.93889e-18
0.074 0.00523503  0.0434998 -6.93889e-18
0.0741 0.00523128  0.043596 -6.93889e-18
0.0742 0.00522753  0.0436923 -3.46945e-17
0.0743 0.0052238  0.0437885 2.08167e-17
0.0744 0.00522008  0.0438848 -1.38778e-17
0.0745 0.00521637  0.0439811 -6.93889e-18
0.0746 0.00521268  0.0440774 0
0.0747 0.005209  0.0441737 -1.38778e-17
0.0748 0.00520533  0.04427 -2.08167e-17
0.0749 0.00520167  0.0443664 0
0.075 0.00519803  0.0444628 2.77556e-17
0.0751 0.0051944  0.0445591 -2.08167e-17
0.0752 0.00519078  0.0446555 2.08167e-17
0.0753 0.00518718  0.0447519 -2.77556e-17
0.0754 0.00518358  0.0448483 -6.93889e-18
0.0755 0.00518  0.0449447 -1.38778e-17
0.0756 0.00517643  0.0450412 -2.77556e-17
0.0757 0.00517287  0.0451376 -1.38778e-17
0.0758 0.00516933  0.045234 1.38778e-17
0.0759 0.00516579  0.0453305 2.08167e-17
0.076 0.00516227  0.045427 1.38778e-17
0.0761 0.00515876  0.0455235 -2.08167e-17
0.0762 0.00515526  0.04562 -4.16334e-17
0.0763 0.00515178  0.0457165 -6.93889e-18
0.0764 0.0051483  0.045813 -1.38778e-17
0.0765 0.00514484  0.0459096 -4.16334e-17
0.0766 0.00514139  0.0460061 6.93889e-18
0.0767 0.00513795  0.0461027 -1.38778e-17
0.0768 0.00513452  0.0461992 0
0.0769 0.0051311  0.0462958 -2.77556e-17
0.077 0.00512769  0.0463924 -2.77556e-17
0.0771 0.0051243  0.046489 -4.16334e-17
0.0772 0.00512091  0.0465856 0
0.0773 0.00511754  0.0466823 1.38778e-17
0.0774 0.00511417  0.0467789 0
0.0775 0.00511082  0.0468755 -6.93889e-18
0.0776 0.00510748  0.0469722 -2.77556e-17
0.0777 0.00510415  0.0470689 -2.08167e-17
0.0778 0.00510083  0.0471656 -1.38778e-17
0.0779 0.00509752  0.0472622 -6.93889e-18
0.078 0.00509422  0.0473589 -6.93889e-18
0.0781 0.00509093  0.0474557 0
0.0782 0.00508766  0.0475524 2.08167e-17
0.0783 0.00508439  0.0476491 1.38778e-17
0.0784 0.00508113  0.0477459 1.38778e-17
0.0785 0.00507789  0.0478426 2.08167e-17
0.0786 0.00507465  0.0479394 -2.08167e-17
0.0787 0.00507142  0.0480361 2.77556e-17
0.0788 0.00506821  0.0481329 0
0.0789 0.005065  0.0482297 -4.16334e-17
0.079 0.0050618  0.0483265 -2.08167e-17
0.0791 0.00505862  0.0484233 -6.93889e-18
0.0792 0.00505544  0.0485202 -1.38778e-17
0.0793 0.00505227  0.048617 0
0.0794 0.00504912  0.0487138 0
0.0795 0.00504597  0.0488107 -2.77556e-17
0.0796 0.00504283  0.0489076 -1.38778e-17
0.0797 0.00503971  0.0490044 -2.08167e-17
0.0798 0.00503659  0.0491013 0
0.0799 0.00503348  0.0491982 -4.16334e-17
0.08 0.00503038  0.0492951 -4.16334e-17
0.0801 0.00502729  0.049392 -1.38778e-17
0.0802 0.00502421  0.0494889 0
0.0803 0.00502114  0.0495859 -1.38778e-17
0.0804 0.00501808  0.0496828 -6.93889e-18
0.0805 0.00501503  0.0497797 -1.38778e-17
0.0806 0.00501198  0.0498767 -1.38778e-17
0.0807 0.00500895  0.0499737 -6.93889e-18
0.0808 0.00500592  0.0500706 0
0.0809 0.00500291  0.0501676 0
0.081 0.0049999  0.0502646 -1.38778e-17
0.0811 0.0049969  0.0503616 0
0.0812 0.00499391  0.0504586 0
0.0813 0.00499093  0.0505557 6.93889e-18
0.0814 0.00498796  0.0506527 -3.46945e-17
0.0815 0.004985  0.0507497 0
0.0816 0.00498204  0.0508468 -1.38778e-17
0.0817 0.0049791  0.0509438 -6.93889e-18
0.0818 0.00497616  0.0510409 -6.93889e-18
0.0819 0.00497323  0.051138 -1.38778e-17
0.082 0.00497031  0.051235 -6.93889e-18
0.0821 0.0049674  0.0513321 -1.38778e-17
0.0822 0.0049645  0.0514292 -1.38778e-17
0.0823 0.00496161  0.0515263 -2.77556e-17
0.0824 0.00495872  0.0516234 0
0.0825 0.00495584  0.0517206 -2.08167e-17
0.0826 0.00495297  0.0518177 -2.77556e-17
0.0827 0.00495011  0.0519148 1.38778e-17
0.0828 0.00494726  0.052012 -1.38778e-17
0.0829 0.00494441  0.0521091 0
0.083 0.00494158  0.0522063 1.38778e-17
0.0831 0.00493875  0.0523035 -1.38778e-17
0.0832 0.00493593  0.0524006 -1.38778e-17
0.0833 0.00493312  0.0524978 -1.38778e-17
0.0834 0.00493031  0.052595 -6.93889e-18
0.0835 0.00492751  0.0526922 1.38778e-17
0.0836 0.00492473  0.0527894 -1.38778e-17
0.0837 0.00492194  0.0528867 6.93889e-18
0.0838 0.00491917  0.0529839 -1.38778e-17
0.0839 0.00491641  0.0530811 -2.08167e-17
0.084 0.00491365  0.0531784 -1.38778e-17
0.0841 0.0049109  0.0532756 -6.93889e-18
0.0842 0.00490816  0.0533729 -6.93889e-18
0.0843 0.00490542  0.0534701 -5.55112e-17
0.0844 0.00490269  0.0535674 -2.08167e-17
0.0845 0.00489997  0.0536647 -6.93889e-18
0.0846 0.00489726  0.053762 -2.77556e-17
0.0847 0.00489456  0.0538593 -3.46945e-17
0.0848 0.00489186  0.0539566 -6.93889e-18
0.0849 0.00488917  0.0540539 -2.08167e-17
0.085 0.00488649  0.0541512 -2.77556e-17
0.0851 0.00488381  0.0542485 -6.93889e-18
0.0852 0.00488114  0.0543459 6.93889e-18
0.0853 0.00487848  0.0544432 -3.46945e-17
0.0854 0.00487583  0.0545405 -2.77556e-17
0.0855 0.00487318  0.0546379 -4.85723e-17
0.0856 0.00487054  0.0547353 -4.16334e-17
0.0857 0.00486791  0.0548326 6.93889e-18
0.0858 0.00486529  0.05493 2.08167e-17
0.0859 0.00486267  0.0550274 -3.46945e-17
0.086 0.00486006  0.0551248 -5.55112e-17
0.0861 0.00485745  0.0552222 -2.77556e-17
0.0862 0.00485486  0.0553196 -2.77556e-17
0.0863 0.00485227  0.055417 1.38778e-17
0.0864 0.00484968  0.0555144 -2.77556e-17
0.0865 0.00484711  0.0556118 4.16334e-17
0.0866 0.00484454  0.0557093 2.08167e-17
0.0867 0.00484197  0.0558067 1.38778e-17
0.0868 0.00483942  0.0559041 -4.16334e-17
0.0869 0.00483687  0.0560016 -2.77556e-17
0.087 0.00483432  0.056099 -6.93889e-18
0.0871 0.00483179  0.0561965 -2.77556e-17
0.0872 0.00482926  0.056294 -1.38778e-17
0.0873 0.00482673  0.0563915 -2.77556e-17
0.0874 0.00482422  0.0564889 -1.38778e-17
0.0875 0.00482171  0.0565864 -3.46945e-17
0.0876 0.0048192  0.0566839 -2.08167e-17
0.0877 0.00481671  0.0567814 -3.46945e-17
0.0878 0.00481422  0.0568789 -2.08167e-17
0.0879 0.00481173  0.0569765 1.38778e-17
0.088 0.00480925  0.057074 1.38778e-17
0.0881 0.00480678  0.0571715 -2.08167e-17
0.0882 0.00480432  0.057269 -6.93889e-18
0.0883 0.00480186  0.0573666 0
0.0884 0.00479941  0.0574641 -2.77556e-17
0.0885 0.00479696  0.0575617 0
0.0886 0.00479452  0.0576592 0
0.0887 0.00479208  0.0577568 -2.08167e-17
0.0888 0.00478966  0.0578544 -6.93889e-18
0.0889 0.00478723  0.057952 -4.85723e-17
0.089 0.00478482  0.0580495 0
0.0891 0.00478241  0.0581471 -4.16334e-17
0.0892 0.00478001  0.0582447 -2.77556e-17
0.0893 0.00477761  0.0583423 0
0.0894 0.00477522  0.0584399 -4.16334e-17
0.0895 0.00477283  0.0585376 -2.77556e-17
0.0896 0.00477045  0.0586352 0
0.0897 0.00476808  0.0587328 -3.46945e-17
0.0898 0.00476571  0.0588304 -2.77556e-17
0.0899 0.00476335  0.0589281 -2.77556e-17
0.09 0.00476099  0.0590257 0
0.0901 0.00475864  0.0591234 -1.38778e-17
0.0902 0.00475629  0.059221 -4.16334e-17
0.0903 0.00475395  0.0593187 -2.08167e-17
0.0904 0.00475162  0.0594163 -2.08167e-17
0.0905 0.00474929  0.059514 -1.38778e-17
0.0906 0.00474697  0.0596117 0
0.0907 0.00474466  0.0597094 -1.38778e-17
0.0908 0.00474234  0.0598071 -2.08167e-17
0.0909 0.00474004  0.0599048 -2.77556e-17
0.091 0.00473774  0.0600025 0
0.0911 0.00473544  0.0601002 0
0.0912 0.00473316  0.0601979 6.93889e-18
0.0913 0.00473087  0.0602956 0
0.0914 0.0047286  0.0603933 0
0.0915 0.00472632  0.060491 -6.93889e-18
0.0916 0.00472406  0.0605888 -2.08167e-17
0.0917 0.00472179  0.0606865 6.93889e-18
0.0918 0.00471954  0.0607843 -2.77556e-17
0.0919 0.00471729  0.060882 -2.77556e-17
0.092 0.00471504  0.0609798 1.38778e-17
0.0921 0.0047128  0.0610775 0
0.0922 0.00471057  0.0611753 -2.77556e-17
0.0923 0.00470834  0.0612731 -6.93889e-18
0.0924 0.00470611  0.0613708 -2.77556e-17
0.0925 0.00470389  0.0614686 0
0.0926 0.00470168  0.0615664 -2.08167e-17
0.0927 0.00469947  0.0616642 -1.38778e-17
0.0928 0.00469727  0.061762 0
0.0929 0.00469507  0.0618598 -6.93889e-18
0.093 0.00469288  0.0619576 -6.93889e-18
0.0931 0.00469069  0.0620554 6.93889e-18
0.0932 0.0046885  0.0621532 0
0.0933 0.00468633  0.062251 -2.77556e-17
0.0934 0.00468415  0.0623489 -3.46945e-17
0.0935 0.00468198  0.0624467 -2.08167e-17
0.0936 0.00467982  0.0625445 -1.38778e-17
0.0937 0.00467766  0.0626424 0
0.0938 0.00467551  0.0627402 -6.93889e-18
0.0939 0.00467336  0.0628381 0
0.094 0.00467122  0.0629359 0
0.0941 0.00466908  0.0630338 0
0.0942 0.00466694  0.0631317 -1.38778e-17
0.0943 0.00466481  0.0632295 1.38778e-17
0.0944 0.00466269  0.0633274 -6.93889e-18
0.0945 0.00466057  0.0634253 -2.08167e-17
0.0946 0.00465846  0.0635232 0
0.0947 0.00465635  0.0636211 0
0.0948 0.00465424  0.063719 0
0.0949 0.00465214  0.0638169 -6.93889e-18
0.095 0.00465004  0.0639148 -2.77556e-17
0.0951 0.00464795  0.0640127 -3.46945e-17
0.0952 0.00464587  0.0641106 0
0.0953 0.00464378  0.0642085 -4.85723e-17
0.0954 0.00464171  0.0643064 2.08167e-17
0.0955 0.00463963  0.0644044 1.38778e-17
0.0956 0.00463757  0.0645023 0
0.0957 0.0046355  0.0646002 0
0.0958 0.00463344  0.0646982 2.08167e-17
0.0959 0.00463139  0.0647961 -6.93889e-18
0.096 0.00462934  0.0648941 -1.38778e-17
0.0961 0.00462729  0.064992 6.93889e-18
0.0962 0.00462525  0.06509 1.38778e-17
0.0963 0.00462321  0.0651879 1.38778e-17
0.0964 0.00462118  0.0652859 6.93889e-18
0.0965 0.00461915  0.0653839 2.77556e-17
0.0966 0.00461713  0.0654819 1.38778e-17
0.0967 0.00461511  0.0655798 -6.93889e-18
0.0968 0.0046131  0.0656778 0
0.0969 0.00461109  0.0657758 6.93889e-18
0.097 0.00460908  0.0658738 0
0.0971 0.00460708  0.0659718 0
0.0972 0.00460508  0.0660698 0
0.0973 0.00460309  0.0661678 -1.38778e-17
0.0974 0.0046011  0.0662658 1.38778e-17
0.0975 0.00459911  0.0663638 6.93889e-18
0.0976 0.00459713  0.0664619 -6.93889e-18
0.0977 0.00459516  0.0665599 2.08167e-17
0.0978 0.00459318  0.0666579 0
0.0979 0.00459122  0.0667559 2.08167e-17
0.098 0.00458925  0.066854 6.245e-17
0.0981 0.00458729  0.066952 6.93889e-18
0.0982 0.00458534  0.0670501 6.93889e-18
0.0983 0.00458339  0.0671481 2.77556e-17
0.0984 0.00458144  0.0672462 2.77556e-17
0.0985 0.0045795  0.0673442 4.16334e-17
0.0986 0.00457756  0.0674423 1.38778e-17
0.0987 0.00457562  0.0675403 4.16334e-17
0.0988 0.00457369  0.0676384 5.55112e-17
0.0989 0.00457176  0.0677365 2.77556e-17
0.099 0.00456984  0.0678346 4.16334e-17
0.0991 0.00456792  0.0679326 0
0.0992 0.004566  0.0680307 1.38778e-17
0.0993 0.00456409  0.0681288 5.55112e-17
0.0994 0.00456219  0.0682269 2.77556e-17
0.0995 0.00456028  0.068325 5.55112e-17
0.0996 0.00455838  0.0684231 5.55112e-17
0.0997 0.00455649  0.0685212 4.16334e-17
0.0998 0.00455459  0.0686193 4.16334e-17
0.0999 0.00455271  0.0687174 5.55112e-17
