0.1 0.05006252604709266 0.05006252604709271
0.2 0.1005008340281251 0.1005008340281252
0.3 0.1516938400035928 0.1516938400035929
0.4 0.2040267557335707 0.2040267557335707
0.5 0.2578943053908963 0.2578943053908964
0.6 0.3137040256049222 0.3137040256049222
0.7 0.3718796777770089 0.3718796777770088
0.7999999999999999 0.4328648026206401 0.4328648026206399
0.8999999999999999 0.4971264481609647 0.4971264481609644
0.9999999999999999 0.5651591039924856 0.5651591039924853
1.1 0.6374888764538824 0.6374888764538821
1.2 0.7146779415526436 0.7146779415526433
1.3 0.7973293149792698 0.7973293149792693
1.4 0.8860919814143289 0.886091981414328
1.5 0.9816664285779094 0.9816664285779083
1.6 1.084810635129881 1.084810635129881
1.7 1.196346565634484 1.196346565634483
1.8 1.317167230391902 1.3171672303919
1.900000000000001 1.448244373054892 1.448244373054891
2 1.590636854637333 1.59063685463733
2.100000000000001 1.74549980883611 1.745499808836107
2.200000000000001 1.91409465058639 1.914094650586388
2.300000000000001 2.097800027517423 2.097800027517424
2.400000000000001 2.298123812543222 2.298123812543224
2.500000000000001 2.516716245288698 2.516716245288702
2.600000000000001 2.755384340504703 2.75538434050471
2.700000000000001 3.016107693161402 3.016107693161409
2.800000000000001 3.301055822635083 3.301055822635093
2.900000000000001 3.612607212436901 3.612607212436914
3.000000000000001 3.953370217402601 3.953370217402616
3.100000000000001 4.326206027313585 4.326206027313606
3.200000000000002 4.7342538947096 4.734253894709628
3.300000000000002 5.180958855355904 5.180958855355938
3.400000000000002 5.670102192635198 5.67010219263523
3.500000000000002 6.205834922258341 6.205834922258379
3.600000000000002 6.792714601361274 6.792714601361313
3.700000000000002 7.435745796535305 7.435745796535351
3.800000000000002 8.140424578907911 8.140424578907973
3.900000000000002 8.91278745136268 8.912787451362744
4.000000000000002 9.759465153704387 9.759465153704472
4.100000000000001 10.6877418364177 10.68774183641778
4.200000000000001 11.70562014305155 11.70562014305163
4.300000000000001 12.82189279564851 12.82189279564859
4.4 14.04622133753302 14.04622133753311
4.5 15.38922275373583 15.38922275373593
4.6 16.86256476197651 16.86256476197666
4.699999999999999 18.47907064713293 18.47907064713309
4.799999999999999 20.25283460023833 20.25283460023855
4.899999999999999 22.19934862009225 22.19934862009247
4.999999999999998 24.33564214245024 24.3356421424505
5.099999999999998 26.6804356794768 26.68043567947708
5.199999999999998 29.25430988179798 29.25430988179829
5.299999999999997 32.07989157829665 32.07989157829697
5.399999999999997 35.18205850608321 35.1820585060835
5.499999999999996 38.58816461632698 38.58816461632728
5.599999999999996 42.32828803246633 42.32828803246672
5.699999999999996 46.43550394752074 46.43550394752118
5.799999999999995 50.94618497877407 50.94618497877459
5.899999999999995 55.90033175315916 55.90033175315983
5.999999999999995 61.34193677763913 61.34193677763996
6.099999999999994 67.31938495839111 67.31938495839202
6.199999999999994 73.88589447355839 73.88589447355938
6.299999999999994 81.10000207994895 81.1000020799501
6.399999999999993 89.02609734785466 89.02609734785609
6.499999999999993 97.73501077402946 97.7350107740309
6.599999999999993 107.304661225093 107.3046612250944
6.699999999999992 117.8207687169358 117.8207687169376
6.799999999999992 129.3776391453007 129.3776391453027
6.899999999999991 142.0790282543421 142.0790282543442
6.999999999999991 156.039092869952 156.0390928699543
7.099999999999991 171.3834382399477 171.3834382399503
7.19999999999999 188.250271221531 188.2502712215337
7.29999999999999 206.7916700462207 206.7916700462237
7.39999999999999 227.1749824830712 227.1749824830748
7.499999999999989 249.5843654226818 249.5843654226857
7.599999999999989 274.2224802286458 274.2224802286499
7.699999999999989 301.3123596621683 301.3123596621729
7.799999999999988 331.0994637933728 331.0994637933777
7.899999999999988 363.8539440844984 363.8539440845043
7.999999999999988 399.87313678255 399.8731367825556
8.099999999999987 439.4843089103467 439.4843089103534
8.199999999999987 483.0476825158335 483.047682515842
8.299999999999986 530.9597654521763 530.9597654521838
8.399999999999986 583.657019840469 583.6570198404795
8.499999999999986 641.619902540048 641.6199025400583
8.599999999999985 705.3773154482203 705.3773154482317
8.699999999999985 775.5115073053262 775.5115073053377
8.799999999999985 852.663472928285 852.663472928296
8.899999999999984 937.5389004769703 937.5389004769871
8.999999999999984 1030.914722516924 1030.914722516941
9.099999999999984 1133.646332327946 1133.646332327964
9.199999999999983 1246.675533175347 1246.675533175363
9.299999999999983 1371.039295167783 1371.039295167803
9.399999999999983 1507.879401939016 1507.879401939033
9.499999999999982 1658.453077782092 1658.453077782106
9.599999999999982 1824.14469511376 1824.144695113778
9.699999999999982 2006.478672341482 2006.478672341503
9.799999999999981 2207.133683442506 2207.133683442533
9.899999999999981 2427.958312950877 2427.958312950901
9.99999999999998 2670.988303701192 2670.988303701206
