-5 -16.90549
-4.9 -16.560435
-4.8 -16.21786
-4.7 -15.877745
-4.6 -15.540071
-4.5 -15.204819
-4.4 -14.871968
-4.3 -14.541502
-4.2 -14.2134
-4.1 -13.887645
-4 -13.564218
-3.9 -13.2431
-3.8 -12.924274
-3.7 -12.607722
-3.6 -12.293425
-3.5 -11.981366
-3.4 -11.671528
-3.3 -11.363893
-3.2 -11.058444
-3.1 -10.755164
-3 -10.454036
-2.9 -10.155043
-2.8 -9.858169
-2.7 -9.563396
-2.6 -9.270709
-2.5 -8.980091
-2.4 -8.691527
-2.3 -8.405
-2.2 -8.120494
-2.1 -7.837993
-2 -7.557483
-1.9 -7.278947
-1.8 -7.00237
-1.7 -6.727737
-1.6 -6.455033
-1.5 -6.184243
-1.4 -5.915353
-1.3 -5.648346
-1.2 -5.383209
-1.1 -5.119928
-1 -4.858487
-0.900000000000001 -4.598873
-0.800000000000001 -4.341072
-0.700000000000001 -4.085069
-0.600000000000001 -3.830851
-0.500000000000001 -3.578404
-0.400000000000001 -3.327714
-0.300000000000001 -3.078767
-0.200000000000001 -2.831551
-0.100000000000001 -2.586052
-1.02695629777827E-015 -2.342256
0.099999999999999 -2.100151
0.199999999999999 -1.859723
0.299999999999999 -1.62096
0.399999999999999 -1.383849
0.499999999999999 -1.148377
0.599999999999999 -0.914531
0.699999999999999 -0.6823
0.799999999999999 -0.45167
0.899999999999999 -0.22263
0.999999999999999 0.004833
1.1 0.230731
1.2 0.455076
1.3 0.67788
1.4 0.899154
1.5 1.11891
1.6 1.33716
1.7 1.553915
1.8 1.769187
1.9 1.982987
2 2.195327
2.1 2.406216
2.2 2.615667
2.3 2.823691
2.4 3.030297
2.5 3.235498
2.6 3.439303
2.7 3.641724
2.8 3.84277
2.9 4.042453
3 4.240782
3.1 4.437768
3.2 4.633421
3.3 4.827752
3.4 5.020769
3.5 5.212483
3.6 5.402904
3.7 5.592042
3.8 5.779906
3.9 5.966506
4 6.151852
4.1 6.335953
4.2 6.518818
4.3 6.700456
4.4 6.880877
4.5 7.060091
4.6 7.238105
4.7 7.41493
4.8 7.590574
4.9 7.765046
5 7.938354
