-5 -16.8723
-4.9 -16.529356
-4.8 -16.188793
-4.7 -15.850596
-4.6 -15.514747
-4.5 -15.181231
-4.4 -14.85003
-4.3 -14.521129
-4.2 -14.194512
-4.1 -13.870163
-4 -13.548066
-3.9 -13.228206
-3.8 -12.910566
-3.7 -12.595131
-3.6 -12.281886
-3.5 -11.970816
-3.4 -11.661906
-3.3 -11.35514
-3.2 -11.050503
-3.1 -10.747981
-3 -10.447559
-2.9 -10.149222
-2.8 -9.852955
-2.7 -9.558745
-2.6 -9.266577
-2.5 -8.976437
-2.4 -8.68831
-2.3 -8.402182
-2.2 -8.11804
-2.1 -7.83587
-2 -7.555658
-1.9 -7.27739
-1.8 -7.001053
-1.7 -6.726634
-1.6 -6.454118
-1.5 -6.183493
-1.4 -5.914746
-1.3 -5.647863
-1.2 -5.382831
-1.1 -5.119638
-1 -4.858271
-0.900000000000001 -4.598716
-0.800000000000001 -4.340962
-0.700000000000001 -4.084996
-0.600000000000001 -3.830805
-0.500000000000001 -3.578377
-0.400000000000001 -3.3277
-0.300000000000001 -3.078762
-0.200000000000001 -2.831549
-0.100000000000001 -2.586051
-1.02695629777827E-015 -2.342256
0.099999999999999 -2.100151
0.199999999999999 -1.859725
0.299999999999999 -1.620966
0.399999999999999 -1.383862
0.499999999999999 -1.148402
0.599999999999999 -0.914575
0.699999999999999 -0.682369
0.799999999999999 -0.451772
0.899999999999999 -0.222775
0.999999999999999 0.004636
1.1 0.23047
1.2 0.454738
1.3 0.677452
1.4 0.898623
1.5 1.11826
1.6 1.336375
1.7 1.552979
1.8 1.768081
1.9 1.981693
2 2.193824
2.1 2.404486
2.2 2.613688
2.3 2.82144
2.4 3.027753
2.5 3.232636
2.6 3.4361
2.7 3.638154
2.8 3.838808
2.9 4.038073
3 4.235957
3.1 4.43247
3.2 4.627622
3.3 4.821423
3.4 5.013881
3.5 5.205006
3.6 5.394807
3.7 5.583294
3.8 5.770475
3.9 5.956361
4 6.140959
4.1 6.324279
4.2 6.506329
4.3 6.687119
4.4 6.866658
4.5 7.044953
4.6 7.222014
4.7 7.397849
4.8 7.572467
4.9 7.745876
5 7.918085
