-10 0.344825 0.115345 0.0169759 0.00270336 0.000139417
-9.96094 0.34612 0.116267 0.0172365 0.00276372 0.00014408
-9.92187 0.347421 0.117197 0.0175011 0.00282544 0.0001489
-9.88281 0.348726 0.118134 0.0177697 0.00288853 0.000153881
-9.84375 0.350036 0.119078 0.0180425 0.00295302 0.000159028
-9.80469 0.351352 0.120031 0.0183195 0.00301896 0.000164348
-9.76563 0.352672 0.120991 0.0186007 0.00308637 0.000169845
-9.72656 0.353997 0.121958 0.0188862 0.00315529 0.000175526
-9.6875 0.355327 0.122933 0.0191761 0.00322575 0.000181398
-9.64844 0.356662 0.123916 0.0194705 0.00329777 0.000187466
-9.60938 0.358002 0.124907 0.0197694 0.00337141 0.000193737
-9.57031 0.359347 0.125906 0.0200728 0.00344669 0.000200217
-9.53125 0.360697 0.126913 0.020381 0.00352365 0.000206915
-9.49219 0.362052 0.127928 0.0206938 0.00360233 0.000213836
-9.45313 0.363413 0.128951 0.0210115 0.00368277 0.000220989
-9.41406 0.364778 0.129982 0.021334 0.00376501 0.000228381
-9.375 0.366149 0.131021 0.0216615 0.00384907 0.000236021
-9.33594 0.367524 0.132069 0.021994 0.00393502 0.000243916
-9.29688 0.368905 0.133125 0.0223316 0.00402289 0.000252075
-9.25781 0.370291 0.13419 0.0226744 0.00411272 0.000260507
-9.21875 0.371683 0.135263 0.0230225 0.00420455 0.000269221
-9.17969 0.373079 0.136344 0.0233759 0.00429843 0.000278226
-9.14063 0.374481 0.137435 0.0237347 0.00439441 0.000287533
-9.10156 0.375888 0.138534 0.0240991 0.00449254 0.000297151
-9.0625 0.3773 0.139642 0.024469 0.00459285 0.000307091
-9.02344 0.378718 0.140758 0.0248446 0.00469541 0.000317364
-8.98438 0.380141 0.141884 0.025226 0.00480025 0.00032798
-8.94531 0.381569 0.143018 0.0256132 0.00490744 0.000338951
-8.90625 0.383003 0.144162 0.0260064 0.00501702 0.000350289
-8.86719 0.384442 0.145315 0.0264056 0.00512905 0.000362006
-8.82813 0.385886 0.146477 0.026811 0.00524357 0.000374116
-8.78906 0.387336 0.147648 0.0272225 0.00536066 0.00038663
-8.75 0.388792 0.148829 0.0276404 0.00548036 0.000399563
-8.71094 0.390252 0.150019 0.0280647 0.00560273 0.000412928
-8.67187 0.391719 0.151219 0.0284955 0.00572783 0.000426741
-8.63281 0.39319 0.152428 0.0289329 0.00585573 0.000441016
-8.59375 0.394668 0.153647 0.0293771 0.00598649 0.000455768
-8.55469 0.396151 0.154875 0.029828 0.00612016 0.000471014
-8.51563 0.397639 0.156114 0.0302859 0.00625682 0.000486769
-8.47656 0.399133 0.157362 0.0307508 0.00639653 0.000503052
-8.4375 0.400633 0.158621 0.0312228 0.00653936 0.00051988
-8.39844 0.402138 0.159889 0.0317021 0.00668538 0.00053727
-8.35938 0.403649 0.161168 0.0321887 0.00683466 0.000555242
-8.32031 0.405165 0.162456 0.0326829 0.00698727 0.000573815
-8.28125 0.406688 0.163756 0.0331846 0.00714329 0.000593009
-8.24219 0.408216 0.165065 0.0336939 0.00730279 0.000612846
-8.20313 0.40975 0.166385 0.0342112 0.00746586 0.000633346
-8.16406 0.411289 0.167716 0.0347363 0.00763257 0.000654532
-8.125 0.412834 0.169057 0.0352695 0.007803 0.000676426
-8.08594 0.414386 0.170409 0.0358109 0.00797723 0.000699053
-8.04688 0.415943 0.171771 0.0363607 0.00815536 0.000722437
-8.00781 0.417505 0.173145 0.0369188 0.00833746 0.000746603
-7.96875 0.419074 0.174529 0.0374855 0.00852363 0.000771577
-7.92969 0.420649 0.175925 0.038061 0.00871396 0.000797387
-7.89062 0.422229 0.177332 0.0386452 0.00890853 0.00082406
-7.85156 0.423816 0.17875 0.0392384 0.00910745 0.000851625
-7.8125 0.425408 0.180179 0.0398408 0.00931082 0.000880112
-7.77344 0.427006 0.18162 0.0404523 0.00951872 0.000909552
-7.73438 0.428611 0.183072 0.0410733 0.00973126 0.000939977
-7.69531 0.430221 0.184536 0.0417038 0.00994856 0.00097142
-7.65625 0.431837 0.186012 0.042344 0.0101707 0.00100391
-7.61719 0.43346 0.1875 0.042994 0.0103978 0.0010375
-7.57813 0.435089 0.188999 0.0436539 0.01063 0.0010722
-7.53906 0.436723 0.19051 0.044324 0.0108673 0.00110807
-7.5 0.438364 0.192034 0.0450044 0.01111 0.00114513
-7.46094 0.440011 0.193569 0.0456953 0.0113581 0.00118344
-7.42188 0.441665 0.195117 0.0463967 0.0116117 0.00122302
-7.38281 0.443324 0.196677 0.0471089 0.011871 0.00126394
-7.34375 0.44499 0.19825 0.0478321 0.012136 0.00130621
-7.30469 0.446662 0.199836 0.0485663 0.012407 0.00134991
-7.26563 0.44834 0.201434 0.0493118 0.0126841 0.00139506
-7.22656 0.450024 0.203044 0.0500688 0.0129673 0.00144173
-7.1875 0.451715 0.204668 0.0508374 0.0132568 0.00148996
-7.14844 0.453412 0.206305 0.0516177 0.0135529 0.0015398
-7.10938 0.455116 0.207954 0.0524101 0.0138555 0.0015913
-7.07031 0.456826 0.209617 0.0532146 0.0141649 0.00164453
-7.03125 0.458542 0.211294 0.0540315 0.0144812 0.00169954
-6.99219 0.460265 0.212983 0.0548609 0.0148045 0.00175639
-6.95313 0.461995 0.214686 0.055703 0.0151351 0.00181515
-6.91406 0.46373 0.216403 0.0565581 0.015473 0.00187586
-6.875 0.465473 0.218134 0.0574263 0.0158185 0.00193861
-6.83594 0.467222 0.219878 0.0583078 0.0161718 0.00200346
-6.79688 0.468977 0.221636 0.0592029 0.0165329 0.00207048
-6.75781 0.470739 0.223409 0.0601117 0.016902 0.00213974
-6.71875 0.472508 0.225195 0.0610344 0.0172794 0.00221131
-6.67969 0.474283 0.226996 0.0619713 0.0176653 0.00228528
-6.64063 0.476065 0.228811 0.0629226 0.0180597 0.00236172
-6.60156 0.477854 0.230641 0.0638885 0.018463 0.00244073
-6.5625 0.479649 0.232485 0.0648692 0.0188753 0.00252237
-6.52344 0.481452 0.234344 0.065865 0.0192967 0.00260674
-6.48437 0.48326 0.236218 0.066876 0.0197276 0.00269394
-6.44531 0.485076 0.238107 0.0679026 0.0201681 0.00278405
-6.40625 0.486899 0.240011 0.0689449 0.0206184 0.00287718
-6.36719 0.488728 0.24193 0.0700033 0.0210788 0.00297343
-6.32813 0.490564 0.243865 0.0710779 0.0215495 0.00307289
-6.28906 0.492408 0.245815 0.0721689 0.0220307 0.00317568
-6.25 0.494258 0.247781 0.0732768 0.0225226 0.00328191
-6.21094 0.496115 0.249762 0.0744016 0.0230255 0.00339169
-6.17188 0.497979 0.251759 0.0755437 0.0235397 0.00350514
-6.13281 0.49985 0.253773 0.0767033 0.0240653 0.00362239
-6.09375 0.501728 0.255802 0.0778807 0.0246027 0.00374356
-6.05469 0.503613 0.257848 0.0790763 0.025152 0.00386879
-6.01563 0.505505 0.259909 0.0802901 0.0257137 0.0039982
-5.97656 0.507405 0.261988 0.0815226 0.0262878 0.00413194
-5.9375 0.509311 0.264083 0.082774 0.0268748 0.00427016
-5.89844 0.511225 0.266195 0.0840446 0.0274749 0.004413
-5.85937 0.513145 0.268323 0.0853348 0.0280884 0.00456061
-5.82031 0.515073 0.270469 0.0866447 0.0287156 0.00471317
-5.78125 0.517009 0.272632 0.0879747 0.0293568 0.00487083
-5.74219 0.518951 0.274812 0.0893252 0.0300123 0.00503376
-5.70313 0.520901 0.277009 0.0906963 0.0306824 0.00520214
-5.66406 0.522858 0.279225 0.0920886 0.0313676 0.00537615
-5.625 0.524823 0.281457 0.0935022 0.032068 0.00555599
-5.58594 0.526795 0.283708 0.0949375 0.032784 0.00574184
-5.54688 0.528774 0.285977 0.0963948 0.0335161 0.00593391
-5.50781 0.530761 0.288264 0.0978745 0.0342645 0.0061324
-5.46875 0.532755 0.290569 0.0993769 0.0350296 0.00633753
-5.42969 0.534757 0.292892 0.100902 0.0358117 0.00654953
-5.39063 0.536766 0.295235 0.102451 0.0366114 0.00676861
-5.35156 0.538783 0.297595 0.104024 0.0374289 0.00699503
-5.3125 0.540807 0.299975 0.105621 0.0382647 0.00722901
-5.27344 0.542839 0.302374 0.107242 0.0391191 0.00747083
-5.23438 0.544878 0.304792 0.108888 0.0399926 0.00772073
-5.19531 0.546926 0.307229 0.11056 0.0408856 0.007979
-5.15625 0.548981 0.309686 0.112257 0.0417985 0.0082459
-5.11719 0.551043 0.312162 0.11398 0.0427319 0.00852173
-5.07813 0.553114 0.314659 0.11573 0.043686 0.00880678
-5.03906 0.555192 0.317175 0.117506 0.0446615 0.00910138
-5 0.557278 0.319711 0.11931 0.0456588 0.00940582
-4.96094 0.559372 0.322268 0.121142 0.0466783 0.00972045
-4.92188 0.561473 0.324845 0.123001 0.0477206 0.0100456
-4.88281 0.563583 0.327443 0.124889 0.0487861 0.0103816
-4.84375 0.565701 0.330061 0.126806 0.0498755 0.0107289
-4.80469 0.567826 0.3327 0.128753 0.0509892 0.0110878
-4.76563 0.56996 0.335361 0.130729 0.0521277 0.0114587
-4.72656 0.572101 0.338043 0.132736 0.0532917 0.011842
-4.6875 0.574251 0.340746 0.134774 0.0544817 0.0122381
-4.64844 0.576408 0.343471 0.136842 0.0556982 0.0126475
-4.60938 0.578574 0.346217 0.138943 0.0569419 0.0130705
-4.57031 0.580748 0.348986 0.141076 0.0582134 0.0135078
-4.53125 0.58293 0.351776 0.143241 0.0595132 0.0139596
-4.49219 0.58512 0.354589 0.14544 0.0608421 0.0144266
-4.45313 0.587318 0.357425 0.147673 0.0622007 0.0149091
-4.41406 0.589525 0.360283 0.14994 0.0635896 0.0154079
-4.375 0.59174 0.363164 0.152241 0.0650095 0.0159233
-4.33594 0.593963 0.366068 0.154578 0.0664611 0.0164559
-4.29688 0.596195 0.368996 0.156951 0.0679451 0.0170064
-4.25781 0.598435 0.371946 0.15936 0.0694623 0.0175752
-4.21875 0.600684 0.374921 0.161807 0.0710133 0.0181631
-4.17969 0.602941 0.377919 0.164291 0.072599 0.0187707
-4.14062 0.605206 0.380941 0.166812 0.0742201 0.0193986
-4.10156 0.60748 0.383987 0.169373 0.0758774 0.0200475
-4.0625 0.609762 0.387058 0.171973 0.0775716 0.0207181
-4.02344 0.612053 0.390153 0.174613 0.0793038 0.0214111
-3.98438 0.614353 0.393273 0.177293 0.0810745 0.0221273
-3.94531 0.616661 0.396417 0.180015 0.0828849 0.0228675
-3.90625 0.618978 0.399587 0.182778 0.0847356 0.0236324
-3.86719 0.621304 0.402783 0.185584 0.0866277 0.024423
-3.82812 0.623638 0.406004 0.188433 0.088562 0.0252399
-3.78906 0.625982 0.40925 0.191325 0.0905396 0.0260842
-3.75 0.628333 0.412523 0.194262 0.0925613 0.0269567
-3.71094 0.630694 0.415822 0.197244 0.0946281 0.0278585
-3.67188 0.633064 0.419147 0.200272 0.096741 0.0287903
-3.63281 0.635443 0.422499 0.203346 0.0989012 0.0297534
-3.59375 0.63783 0.425877 0.206468 0.10111 0.0307487
-3.55469 0.640227 0.429283 0.209637 0.103367 0.0317772
-3.51563 0.642632 0.432716 0.212855 0.105675 0.0328402
-3.47656 0.645047 0.436176 0.216122 0.108035 0.0339387
-3.4375 0.64747 0.439664 0.21944 0.110447 0.035074
-3.39844 0.649903 0.44318 0.222809 0.112914 0.0362472
-3.35938 0.652345 0.446724 0.226229 0.115435 0.0374597
-3.32031 0.654796 0.450296 0.229701 0.118012 0.0387127
-3.28125 0.657256 0.453897 0.233228 0.120648 0.0400077
-3.24219 0.659726 0.457526 0.236808 0.123342 0.041346
-3.20313 0.662204 0.461185 0.240443 0.126096 0.042729
-3.16406 0.664692 0.464873 0.244134 0.128911 0.0441583
-3.125 0.66719 0.46859 0.247881 0.13179 0.0456355
-3.08594 0.669697 0.472337 0.251686 0.134733 0.047162
-3.04687 0.672213 0.476115 0.25555 0.137741 0.0487396
-3.00781 0.674738 0.479922 0.259473 0.140817 0.05037
-2.96875 0.677274 0.48376 0.263456 0.143961 0.0520549
-2.92969 0.679818 0.487628 0.2675 0.147176 0.0537961
-2.89063 0.682373 0.491527 0.271606 0.150462 0.0555956
-2.85156 0.684936 0.495458 0.275775 0.153822 0.0574553
-2.8125 0.68751 0.49942 0.280009 0.157256 0.0593773
-2.77344 0.690093 0.503414 0.284307 0.160768 0.0613635
-2.73437 0.692686 0.507439 0.288671 0.164358 0.0634161
-2.69531 0.695289 0.511497 0.293102 0.168028 0.0655374
-2.65625 0.697901 0.515587 0.297602 0.171779 0.0677297
-2.61719 0.700523 0.51971 0.30217 0.175615 0.0699953
-2.57813 0.703155 0.523866 0.306808 0.179536 0.0723367
-2.53906 0.705797 0.528055 0.311518 0.183545 0.0747564
-2.5 0.708449 0.532278 0.3163 0.187644 0.077257
-2.46094 0.711111 0.536534 0.321155 0.191834 0.0798413
-2.42187 0.713783 0.540825 0.326085 0.196117 0.082512
-2.38281 0.716464 0.54515 0.331091 0.200496 0.0852721
-2.34375 0.719156 0.549509 0.336173 0.204973 0.0881245
-2.30469 0.721858 0.553903 0.341334 0.20955 0.0910723
-2.26563 0.724571 0.558332 0.346573 0.214229 0.0941187
-2.22656 0.727293 0.562797 0.351893 0.219013 0.097267
-2.1875 0.730026 0.567298 0.357295 0.223903 0.100521
-2.14844 0.732769 0.571834 0.36278 0.228903 0.103883
-2.10938 0.735522 0.576407 0.368348 0.234014 0.107358
-2.07031 0.738285 0.581016 0.374003 0.23924 0.110949
-2.03125 0.741059 0.585662 0.379744 0.244582 0.114661
-1.99219 0.743844 0.590346 0.385573 0.250043 0.118496
-1.95313 0.746638 0.595066 0.391492 0.255626 0.12246
-1.91406 0.749444 0.599825 0.397501 0.261334 0.126556
-1.875 0.75226 0.604621 0.403603 0.267169 0.13079
-1.83594 0.755086 0.609456 0.409799 0.273135 0.135165
-1.79688 0.757923 0.61433 0.416089 0.279234 0.139686
-1.75781 0.760771 0.619242 0.422476 0.285469 0.144358
-1.71875 0.763629 0.624194 0.428962 0.291843 0.149187
-1.67969 0.766498 0.629186 0.435546 0.29836 0.154178
-1.64063 0.769378 0.634217 0.442232 0.305022 0.159335
-1.60156 0.772269 0.639289 0.449021 0.311833 0.164665
-1.5625 0.775171 0.644401 0.455913 0.318796 0.170173
-1.52344 0.778083 0.649554 0.462912 0.325915 0.175865
-1.48438 0.781007 0.654748 0.470018 0.333192 0.181748
-1.44531 0.783941 0.659984 0.477233 0.340632 0.187828
-1.40625 0.786887 0.665261 0.484558 0.348238 0.194111
-1.36719 0.789843 0.670581 0.491997 0.356014 0.200604
-1.32813 0.792811 0.675944 0.499549 0.363963 0.207314
-1.28906 0.79579 0.681349 0.507217 0.372091 0.214249
-1.25 0.79878 0.686797 0.515003 0.380399 0.221416
-1.21094 0.801781 0.692289 0.522909 0.388893 0.228822
-1.17188 0.804793 0.697825 0.530936 0.397577 0.236476
-1.13281 0.807817 0.703406 0.539086 0.406454 0.244387
-1.09375 0.810852 0.709031 0.547361 0.41553 0.252562
-1.05469 0.813899 0.7147 0.555763 0.424809 0.26101
-1.01563 0.816957 0.720416 0.564295 0.434294 0.269741
-0.976563 0.820026 0.726176 0.572957 0.443992 0.278764
-0.9375 0.823107 0.731983 0.581752 0.453906 0.288089
-0.898437 0.8262 0.737837 0.590682 0.464041 0.297725
-0.859375 0.829304 0.743737 0.599749 0.474403 0.307684
-0.820313 0.83242 0.749684 0.608956 0.484996 0.317977
-0.78125 0.835548 0.755679 0.618303 0.495825 0.328613
-0.742188 0.838687 0.761722 0.627795 0.506897 0.339605
-0.703125 0.841838 0.767813 0.637432 0.518215 0.350965
-0.664063 0.845001 0.773953 0.647217 0.529787 0.362705
-0.625 0.848176 0.780142 0.657152 0.541617 0.374838
-0.585938 0.851363 0.786381 0.667239 0.55371 0.387377
-0.546875 0.854562 0.792669 0.677482 0.566074 0.400334
-0.507813 0.857773 0.799008 0.687881 0.578714 0.413726
-0.46875 0.860996 0.805397 0.698441 0.591637 0.427565
-0.429687 0.864231 0.811838 0.709162 0.604847 0.441868
-0.390625 0.867478 0.818329 0.720048 0.618353 0.456648
-0.351563 0.870737 0.824873 0.731101 0.632161 0.471923
-0.3125 0.874009 0.83147 0.742324 0.646276 0.48771
-0.273438 0.877292 0.838118 0.753719 0.660707 0.504024
-0.234375 0.880589 0.844821 0.765289 0.67546 0.520884
-0.195312 0.883897 0.851576 0.777036 0.690543 0.538307
-0.15625 0.887218 0.858386 0.788964 0.705962 0.556314
-0.117188 0.890552 0.86525 0.801075 0.721726 0.574923
-0.078125 0.893898 0.872169 0.813372 0.737841 0.594155
-0.0390625 0.897256 0.879144 0.825857 0.754317 0.614029
0 0.900628 0.886174 0.838535 0.77116 0.634569
0.0390625 0.904012 0.89326 0.851407 0.788379 0.655796
0.078125 0.907408 0.900403 0.864476 0.805983 0.677732
0.117188 0.910818 0.907603 0.877746 0.82398 0.700403
0.15625 0.91424 0.914861 0.89122 0.842379 0.723832
0.195313 0.917675 0.922177 0.904901 0.861189 0.748044
0.234375 0.921123 0.929551 0.918791 0.880419 0.773067
0.273438 0.924584 0.936984 0.932895 0.900078 0.798926
0.3125 0.928057 0.944477 0.947215 0.920176 0.825651
0.351563 0.931544 0.95203 0.961756 0.940722 0.853269
0.390625 0.935045 0.959643 0.976519 0.961728 0.881812
0.429687 0.938558 0.967317 0.991509 0.983203 0.911309
0.46875 0.942084 0.975052 1.00673 1.00516 0.941793
0.507813 0.945624 0.982849 1.02218 1.0276 0.973296
0.546875 0.949177 0.990708 1.03787 1.05055 1.00585
0.585938 0.952743 0.998631 1.05381 1.074 1.0395
0.625 0.956323 1.00662 1.06998 1.09799 1.07427
0.664063 0.959916 1.01467 1.08641 1.1225 1.11021
0.703125 0.963523 1.02278 1.10308 1.14757 1.14734
0.742188 0.967143 1.03096 1.12002 1.17319 1.18572
0.78125 0.970777 1.0392 1.13721 1.19939 1.22539
0.820313 0.974424 1.04751 1.15467 1.22617 1.26638
0.859375 0.978085 1.05589 1.17239 1.25355 1.30874
0.898438 0.98176 1.06433 1.19039 1.28154 1.35251
0.9375 0.985449 1.07284 1.20866 1.31016 1.39776
0.976563 0.989151 1.08142 1.22721 1.33941 1.44451
1.01563 0.992868 1.09007 1.24605 1.36932 1.49283
1.05469 0.996598 1.09879 1.26518 1.3999 1.54277
1.09375 1.00034 1.10757 1.2846 1.43115 1.59438
1.13281 1.0041 1.11643 1.30432 1.46311 1.64771
1.17188 1.00787 1.12536 1.32434 1.49578 1.70282
1.21094 1.01166 1.13436 1.34467 1.52918 1.75979
1.25 1.01546 1.14343 1.36531 1.56333 1.81865
1.28906 1.01928 1.15257 1.38627 1.59823 1.87949
1.32813 1.02311 1.16179 1.40755 1.63392 1.94236
1.36719 1.02695 1.17108 1.42916 1.67041 2.00733
1.40625 1.03081 1.18044 1.4511 1.7077 2.07448
1.44531 1.03468 1.18988 1.47337 1.74584 2.14387
1.48438 1.03857 1.1994 1.49599 1.78482 2.21558
1.52344 1.04247 1.20899 1.51895 1.82467 2.28969
1.5625 1.04639 1.21866 1.54227 1.86542 2.36628
1.60156 1.05032 1.2284 1.56594 1.90707 2.44544
1.64063 1.05427 1.23823 1.58998 1.94965 2.52724
1.67969 1.05823 1.24813 1.61439 1.99319 2.61178
1.71875 1.0622 1.25811 1.63917 2.03769 2.69914
1.75781 1.0662 1.26817 1.66433 2.08319 2.78943
1.79688 1.0702 1.27831 1.68988 2.12971 2.88274
1.83594 1.07422 1.28853 1.71582 2.17727 2.97917
1.875 1.07826 1.29884 1.74216 2.22588 3.07882
1.91406 1.08231 1.30922 1.7689 2.27558 3.18181
1.95313 1.08638 1.31969 1.79605 2.3264 3.28824
1.99219 1.09046 1.33024 1.82362 2.37834 3.39824
2.03125 1.09456 1.34088 1.85162 2.43145 3.51191
2.07031 1.09867 1.3516 1.88004 2.48574 3.62939
2.10938 1.1028 1.36241 1.9089 2.54125 3.75079
2.14844 1.10694 1.37331 1.9382 2.59799 3.87626
2.1875 1.1111 1.38429 1.96796 2.656 4.00592
2.22656 1.11527 1.39536 1.99816 2.71531 4.13992
2.26563 1.11946 1.40652 2.02884 2.77594 4.2784
2.30469 1.12367 1.41776 2.05998 2.83792 4.42152
2.34375 1.12789 1.4291 2.0916 2.90129 4.56942
2.38281 1.13213 1.44053 2.12371 2.96608 4.72227
2.42187 1.13638 1.45205 2.15631 3.03231 4.88023
2.46094 1.14065 1.46366 2.18941 3.10002 5.04348
2.5 1.14494 1.47536 2.22302 3.16924 5.21219
2.53906 1.14924 1.48716 2.25714 3.24 5.38654
2.57813 1.15356 1.49905 2.29179 3.31235 5.56672
2.61719 1.15789 1.51104 2.32697 3.38631 5.75293
2.65625 1.16224 1.52313 2.36269 3.46193 5.94537
2.69531 1.16661 1.53531 2.39896 3.53923 6.14424
2.73437 1.17099 1.54758 2.43578 3.61826 6.34977
2.77344 1.17539 1.55996 2.47317 3.69905 6.56218
2.8125 1.17981 1.57243 2.51114 3.78165 6.78168
2.85156 1.18424 1.58501 2.54969 3.86609 7.00854
2.89063 1.18869 1.59768 2.58882 3.95241 7.24298
2.92969 1.19316 1.61046 2.62856 4.04067 7.48526
2.96875 1.19764 1.62334 2.66891 4.13089 7.73564
3.00781 1.20214 1.63632 2.70988 4.22313 7.9944
3.04687 1.20666 1.6494 2.75148 4.31743 8.26182
3.08594 1.21119 1.66259 2.79372 4.41384 8.53818
3.125 1.21574 1.67589 2.8366 4.5124 8.82379
3.16406 1.22031 1.68929 2.88015 4.61315 9.11895
3.20313 1.22489 1.7028 2.92436 4.71616 9.42399
3.24219 1.2295 1.71641 2.96925 4.82147 9.73922
3.28125 1.23412 1.73014 3.01483 4.92913 10.065
3.32031 1.23875 1.74397 3.06111 5.03919 10.4017
3.35938 1.24341 1.75792 3.10809 5.15172 10.7496
3.39844 1.24808 1.77198 3.15581 5.26675 11.1092
3.4375 1.25277 1.78615 3.20425 5.38435 11.4808
3.47656 1.25748 1.80043 3.25343 5.50458 11.8649
3.51563 1.2622 1.81483 3.30338 5.62749 12.2617
3.55469 1.26694 1.82934 3.35409 5.75315 12.6719
3.59375 1.2717 1.84397 3.40557 5.88161 13.0958
3.63281 1.27648 1.85871 3.45785 6.01295 13.5339
3.67188 1.28128 1.87358 3.51093 6.14721 13.9866
3.71094 1.28609 1.88856 3.56482 6.28447 14.4544
3.75 1.29092 1.90366 3.61954 6.4248 14.9379
3.78906 1.29577 1.91888 3.67511 6.56826 15.4376
3.82812 1.30064 1.93423 3.73152 6.71493 15.954
3.86719 1.30553 1.9497 3.7888 6.86487 16.4877
3.90625 1.31043 1.96529 3.84696 7.01815 17.0392
3.94531 1.31536 1.981 3.90601 7.17486 17.6092
3.98438 1.3203 1.99684 3.96597 7.33507 18.1982
4.02344 1.32526 2.01281 4.02685 7.49886 18.807
4.0625 1.33024 2.02891 4.08867 7.6663 19.4361
4.10156 1.33524 2.04513 4.15143 7.83749 20.0862
4.14062 1.34025 2.06149 4.21516 8.01249 20.7581
4.17969 1.34529 2.07797 4.27986 8.1914 21.4525
4.21875 1.35035 2.09459 4.34556 8.37431 22.1701
4.25781 1.35542 2.11134 4.41226 8.5613 22.9117
4.29688 1.36051 2.12822 4.47999 8.75247 23.6781
4.33594 1.36562 2.14524 4.54876 8.94791 24.4701
4.375 1.37075 2.16239 4.61859 9.14771 25.2887
4.41406 1.3759 2.17969 4.68949 9.35197 26.1346
4.45313 1.38107 2.19712 4.76147 9.56079 27.0088
4.49219 1.38626 2.21469 4.83456 9.77428 27.9123
4.53125 1.39147 2.2324 4.90878 9.99253 28.8459
4.57031 1.3967 2.25025 4.98413 10.2157 29.8108
4.60938 1.40195 2.26824 5.06064 10.4438 30.808
4.64844 1.40721 2.28638 5.13832 10.677 31.8386
4.6875 1.4125 2.30466 5.2172 10.9154 32.9036
4.72656 1.41781 2.32309 5.29728 11.1591 34.0042
4.76563 1.42314 2.34167 5.3786 11.4083 35.1417
4.80469 1.42848 2.36039 5.46116 11.663 36.3172
4.84375 1.43385 2.37927 5.54499 11.9234 37.532
4.88281 1.43924 2.3983 5.63011 12.1897 38.7875
4.92188 1.44465 2.41747 5.71654 12.4619 40.085
4.96094 1.45007 2.43681 5.80429 12.7401 41.4258
5 1.45552 2.45629 5.89339 13.0246 42.8116
5.03906 1.46099 2.47593 5.98385 13.3154 44.2436
5.07813 1.46648 2.49573 6.07571 13.6128 45.7236
5.11719 1.47199 2.51569 6.16897 13.9167 47.2531
5.15625 1.47752 2.53581 6.26367 14.2275 48.8337
5.19531 1.48307 2.55608 6.35982 14.5452 50.4672
5.23438 1.48864 2.57652 6.45744 14.8699 52.1554
5.27344 1.49424 2.59713 6.55657 15.202 53.9
5.3125 1.49985 2.6179 6.65722 15.5414 55.703
5.35156 1.50549 2.63883 6.75941 15.8885 57.5663
5.39063 1.51114 2.65993 6.86317 16.2432 59.4919
5.42969 1.51682 2.6812 6.96852 16.6059 61.482
5.46875 1.52252 2.70264 7.07549 16.9767 63.5386
5.50781 1.52824 2.72426 7.1841 17.3558 65.664
5.54688 1.53398 2.74604 7.29438 17.7434 67.8605
5.58594 1.53975 2.768 7.40635 18.1396 70.1304
5.625 1.54553 2.79013 7.52004 18.5446 72.4763
5.66406 1.55134 2.81245 7.63548 18.9587 74.9007
5.70313 1.55717 2.83494 7.75269 19.382 77.4062
5.74219 1.56302 2.85761 7.87169 19.8148 79.9955
5.78125 1.56889 2.88046 7.99253 20.2572 82.6714
5.82031 1.57479 2.90349 8.11522 20.7096 85.4368
5.85937 1.5807 2.92671 8.23979 21.172 88.2947
5.89844 1.58664 2.95011 8.36627 21.6448 91.2482
5.9375 1.5926 2.9737 8.4947 22.1281 94.3005
5.97656 1.59859 2.99748 8.6251 22.6222 97.4549
6.01563 1.60459 3.02145 8.7575 23.1273 100.715
6.05469 1.61062 3.04561 8.89193 23.6437 104.084
6.09375 1.61667 3.06997 9.02842 24.1717 107.565
6.13281 1.62275 3.09452 9.16701 24.7114 111.164
6.17188 1.62884 3.11926 9.30773 25.2632 114.882
6.21094 1.63496 3.14421 9.45061 25.8273 118.725
6.25 1.64111 3.16935 9.59568 26.404 122.696
6.28906 1.64727 3.19469 9.74298 26.9936 126.801
6.32813 1.65346 3.22024 9.89254 27.5963 131.042
6.36719 1.65968 3.24599 10.0444 28.2125 135.426
6.40625 1.66591 3.27195 10.1986 28.8425 139.956
6.44531 1.67217 3.29811 10.3551 29.4865 144.637
6.48437 1.67845 3.32449 10.5141 30.145 149.475
6.52344 1.68476 3.35107 10.6755 30.8181 154.475
6.5625 1.69109 3.37787 10.8394 31.5062 159.643
6.60156 1.69744 3.40488 11.0057 32.2097 164.983
6.64063 1.70382 3.43211 11.1747 32.9289 170.502
6.67969 1.71022 3.45955 11.3462 33.6642 176.205
6.71875 1.71665 3.48722 11.5204 34.4159 182.099
6.75781 1.7231 3.5151 11.6972 35.1844 188.191
6.79688 1.72957 3.54321 11.8768 35.97 194.486
6.83594 1.73607 3.57155 12.0591 36.7732 200.991
6.875 1.74259 3.60011 12.2442 37.5943 207.715
6.91406 1.74914 3.62889 12.4322 38.4338 214.663
6.95313 1.75571 3.65791 12.623 39.292 221.843
6.99219 1.76231 3.68716 12.8168 40.1693 229.264
7.03125 1.76893 3.71665 13.0135 41.0663 236.933
7.07031 1.77558 3.74637 13.2133 41.9833 244.859
7.10938 1.78225 3.77633 13.4161 42.9207 253.049
7.14844 1.78895 3.80653 13.6221 43.8791 261.514
7.1875 1.79567 3.83696 13.8312 44.8589 270.262
7.22656 1.80241 3.86765 14.0435 45.8606 279.302
7.26563 1.80919 3.89858 14.2591 46.8846 288.645
7.30469 1.81598 3.92975 14.4779 47.9315 298.3
7.34375 1.82281 3.96118 14.7002 49.0018 308.279
7.38281 1.82966 3.99285 14.9258 50.0959 318.591
7.42188 1.83653 4.02478 15.155 51.2146 329.248
7.46094 1.84343 4.05697 15.3876 52.3581 340.261
7.5 1.85036 4.08941 15.6238 53.5273 351.643
7.53906 1.85731 4.12211 15.8636 54.7225 363.406
7.57813 1.86429 4.15507 16.1072 55.9444 375.562
7.61719 1.87129 4.1883 16.3544 57.1936 388.125
7.65625 1.87832 4.22179 16.6054 58.4707 401.108
7.69531 1.88538 4.25555 16.8604 59.7763 414.525
7.73438 1.89246 4.28958 17.1192 61.111 428.391
7.77344 1.89957 4.32388 17.382 62.4756 442.721
7.8125 1.90671 4.35846 17.6488 63.8706 457.53
7.85156 1.91388 4.39331 17.9197 65.2968 472.835
7.89062 1.92107 4.42844 18.1948 66.7548 488.651
7.92969 1.92828 4.46386 18.4741 68.2454 504.997
7.96875 1.93553 4.49955 18.7576 69.7693 521.889
8.00781 1.9428 4.53553 19.0456 71.3272 539.347
8.04688 1.9501 4.5718 19.3379 72.9199 557.388
8.08594 1.95743 4.60836 19.6348 74.5481 576.033
8.125 1.96478 4.64521 19.9362 76.2127 595.302
8.16406 1.97217 4.68236 20.2422 77.9145 615.215
8.20313 1.97958 4.7198 20.553 79.6543 635.794
8.24219 1.98701 4.75754 20.8684 81.4329 657.062
8.28125 1.99448 4.79559 21.1888 83.2512 679.041
8.32031 2.00197 4.83394 21.514 85.1102 701.756
8.35938 2.00949 4.87259 21.8443 87.0106 725.23
8.39844 2.01704 4.91155 22.1796 88.9535 749.489
8.4375 2.02462 4.95083 22.5201 90.9398 774.56
8.47656 2.03223 4.99042 22.8658 92.9704 800.469
8.51563 2.03987 5.03033 23.2168 95.0463 827.245
8.55469 2.04753 5.07055 23.5732 97.1686 854.917
8.59375 2.05522 5.1111 23.935 99.3383 883.515
8.63281 2.06295 5.15197 24.3024 101.556 913.069
8.67187 2.0707 5.19317 24.6755 103.824 943.611
8.71094 2.07848 5.2347 25.0543 106.142 975.176
8.75 2.08629 5.27656 25.4389 108.513 1007.8
8.78906 2.09412 5.31875 25.8294 110.936 1041.51
8.82813 2.10199 5.36128 26.2259 113.413 1076.35
8.86719 2.10989 5.40416 26.6284 115.945 1112.35
8.90625 2.11782 5.44737 27.0372 118.534 1149.56
8.94531 2.12578 5.49093 27.4522 121.181 1188.01
8.98438 2.13376 5.53484 27.8736 123.887 1227.75
9.02344 2.14178 5.5791 28.3015 126.653 1268.82
9.0625 2.14983 5.62371 28.7359 129.481 1311.26
9.10156 2.1579 5.66868 29.1771 132.372 1355.13
9.14063 2.16601 5.71401 29.6249 135.328 1400.46
9.17969 2.17415 5.75971 30.0797 138.35 1447.3
9.21875 2.18232 5.80577 30.5414 141.439 1495.72
9.25781 2.19052 5.85219 31.0103 144.597 1545.75
9.29688 2.19875 5.89899 31.4863 147.826 1597.45
9.33594 2.20701 5.94616 31.9696 151.127 1650.89
9.375 2.2153 5.99371 32.4604 154.501 1706.11
9.41406 2.22363 6.04164 32.9586 157.951 1763.18
9.45313 2.23198 6.08995 33.4646 161.478 1822.16
9.49219 2.24037 6.13865 33.9783 165.084 1883.12
9.53125 2.24878 6.18774 34.4998 168.77 1946.11
9.57031 2.25723 6.23722 35.0294 172.539 2011.21
9.60938 2.26571 6.2871 35.5671 176.391 2078.48
9.64844 2.27423 6.33737 36.1131 180.33 2148.01
9.6875 2.28277 6.38805 36.6675 184.357 2219.86
9.72656 2.29135 6.43913 37.2303 188.473 2294.12
9.76563 2.29996 6.49062 37.8018 192.682 2370.85
9.80469 2.3086 6.54253 38.3821 196.984 2450.16
9.84375 2.31727 6.59485 38.9713 201.383 2532.12
9.88281 2.32598 6.64758 39.5695 205.879 2616.82
9.92187 2.33472 6.70074 40.1769 210.476 2704.36
9.96094 2.34349 6.75432 40.7937 215.176 2794.82
10 2.3523 6.80833 41.4199 219.981 2888.31
