-10 -1.28136 -1.30197 -1.33798 -1.37243 -1.42793
-9.96094 -1.27395 -1.29449 -1.33037 -1.36471 -1.42002
-9.92187 -1.26656 -1.28703 -1.32279 -1.35702 -1.41214
-9.88281 -1.25919 -1.2796 -1.31524 -1.34935 -1.40429
-9.84375 -1.25185 -1.27219 -1.30771 -1.3417 -1.39646
-9.80469 -1.24453 -1.2648 -1.3002 -1.33409 -1.38866
-9.76563 -1.23724 -1.25744 -1.29272 -1.32649 -1.38088
-9.72656 -1.22997 -1.25011 -1.28527 -1.31893 -1.37313
-9.6875 -1.22273 -1.2428 -1.27784 -1.31139 -1.36541
-9.64844 -1.21551 -1.23551 -1.27044 -1.30387 -1.35771
-9.60938 -1.20832 -1.22825 -1.26306 -1.29638 -1.35004
-9.57031 -1.20115 -1.22101 -1.25571 -1.28891 -1.3424
-9.53125 -1.194 -1.2138 -1.24838 -1.28147 -1.33478
-9.49219 -1.18688 -1.20661 -1.24107 -1.27406 -1.32718
-9.45313 -1.17978 -1.19944 -1.23379 -1.26667 -1.31961
-9.41406 -1.1727 -1.1923 -1.22654 -1.2593 -1.31207
-9.375 -1.16565 -1.18518 -1.2193 -1.25196 -1.30455
-9.33594 -1.15862 -1.17809 -1.2121 -1.24464 -1.29706
-9.29688 -1.15162 -1.17102 -1.20491 -1.23735 -1.28959
-9.25781 -1.14464 -1.16398 -1.19775 -1.23008 -1.28215
-9.21875 -1.13768 -1.15695 -1.19062 -1.22284 -1.27473
-9.17969 -1.13075 -1.14996 -1.18351 -1.21562 -1.26734
-9.14063 -1.12384 -1.14298 -1.17642 -1.20842 -1.25997
-9.10156 -1.11695 -1.13603 -1.16936 -1.20125 -1.25262
-9.0625 -1.11008 -1.1291 -1.16232 -1.19411 -1.2453
-9.02344 -1.10324 -1.1222 -1.1553 -1.18698 -1.23801
-8.98438 -1.09642 -1.11531 -1.14831 -1.17988 -1.23074
-8.94531 -1.08963 -1.10845 -1.14134 -1.17281 -1.22349
-8.90625 -1.08286 -1.10162 -1.13439 -1.16576 -1.21627
-8.86719 -1.07611 -1.09481 -1.12747 -1.15873 -1.20908
-8.82813 -1.06938 -1.08801 -1.12057 -1.15172 -1.2019
-8.78906 -1.06267 -1.08125 -1.11369 -1.14474 -1.19475
-8.75 -1.05599 -1.0745 -1.10684 -1.13779 -1.18763
-8.71094 -1.04933 -1.06778 -1.10001 -1.13085 -1.18053
-8.67187 -1.04269 -1.06108 -1.0932 -1.12394 -1.17345
-8.63281 -1.03608 -1.0544 -1.08641 -1.11705 -1.1664
-8.59375 -1.02948 -1.04775 -1.07965 -1.11019 -1.15937
-8.55469 -1.02291 -1.04111 -1.07291 -1.10335 -1.15236
-8.51563 -1.01636 -1.0345 -1.0662 -1.09653 -1.14538
-8.47656 -1.00983 -1.02792 -1.0595 -1.08973 -1.13842
-8.4375 -1.00333 -1.02135 -1.05283 -1.08296 -1.13148
-8.39844 -0.996842 -1.0148 -1.04618 -1.07621 -1.12457
-8.35938 -0.99038 -1.00828 -1.03955 -1.06948 -1.11768
-8.32031 -0.983939 -1.00178 -1.03295 -1.06277 -1.11081
-8.28125 -0.97752 -0.995303 -1.02636 -1.05609 -1.10397
-8.24219 -0.971122 -0.988846 -1.0198 -1.04943 -1.09714
-8.20313 -0.964746 -0.98241 -1.01326 -1.04279 -1.09035
-8.16406 -0.958391 -0.975996 -1.00675 -1.03617 -1.08357
-8.125 -0.952058 -0.969603 -1.00025 -1.02958 -1.07682
-8.08594 -0.945745 -0.963232 -0.993776 -1.02301 -1.07009
-8.04688 -0.939454 -0.956882 -0.987324 -1.01646 -1.06338
-8.00781 -0.933183 -0.950554 -0.980893 -1.00993 -1.05669
-7.96875 -0.926934 -0.944246 -0.974484 -1.00342 -1.05003
-7.92969 -0.920706 -0.93796 -0.968097 -0.996939 -1.04339
-7.89062 -0.914498 -0.931695 -0.961731 -0.990477 -1.03677
-7.85156 -0.908311 -0.92545 -0.955386 -0.984036 -1.03018
-7.8125 -0.902145 -0.919227 -0.949062 -0.977616 -1.0236
-7.77344 -0.896 -0.913024 -0.94276 -0.971218 -1.01705
-7.73438 -0.889875 -0.906842 -0.936478 -0.964841 -1.01052
-7.69531 -0.88377 -0.900681 -0.930218 -0.958486 -1.00401
-7.65625 -0.877686 -0.894541 -0.923979 -0.952152 -0.997527
-7.61719 -0.871623 -0.888421 -0.91776 -0.945839 -0.991062
-7.57813 -0.865579 -0.882321 -0.911562 -0.939548 -0.984619
-7.53906 -0.859556 -0.876242 -0.905385 -0.933277 -0.978198
-7.5 -0.853553 -0.870183 -0.899229 -0.927027 -0.971798
-7.46094 -0.84757 -0.864144 -0.893093 -0.920799 -0.965419
-7.42188 -0.841607 -0.858126 -0.886978 -0.914591 -0.959062
-7.38281 -0.835664 -0.852128 -0.880883 -0.908404 -0.952726
-7.34375 -0.829741 -0.84615 -0.874809 -0.902237 -0.946412
-7.30469 -0.823838 -0.840191 -0.868755 -0.896092 -0.940118
-7.26563 -0.817954 -0.834253 -0.862721 -0.889966 -0.933845
-7.22656 -0.81209 -0.828335 -0.856708 -0.883862 -0.927594
-7.1875 -0.806246 -0.822436 -0.850714 -0.877777 -0.921363
-7.14844 -0.800421 -0.816557 -0.844741 -0.871713 -0.915153
-7.10938 -0.794616 -0.810698 -0.838787 -0.86567 -0.908964
-7.07031 -0.78883 -0.804858 -0.832854 -0.859646 -0.902796
-7.03125 -0.783064 -0.799038 -0.82694 -0.853643 -0.896649
-6.99219 -0.777316 -0.793238 -0.821046 -0.84766 -0.890521
-6.95313 -0.771588 -0.787456 -0.815172 -0.841696 -0.884415
-6.91406 -0.76588 -0.781695 -0.809317 -0.835753 -0.878329
-6.875 -0.76019 -0.775952 -0.803482 -0.82983 -0.872263
-6.83594 -0.754519 -0.770228 -0.797667 -0.823926 -0.866217
-6.79688 -0.748867 -0.764524 -0.791871 -0.818042 -0.860192
-6.75781 -0.743234 -0.758839 -0.786094 -0.812178 -0.854187
-6.71875 -0.73762 -0.753173 -0.780337 -0.806333 -0.848202
-6.67969 -0.732025 -0.747525 -0.774598 -0.800508 -0.842237
-6.64063 -0.726448 -0.741897 -0.768879 -0.794703 -0.836292
-6.60156 -0.72089 -0.736287 -0.76318 -0.788917 -0.830367
-6.5625 -0.715351 -0.730696 -0.757499 -0.78315 -0.824461
-6.52344 -0.70983 -0.725124 -0.751837 -0.777402 -0.818575
-6.48437 -0.704327 -0.71957 -0.746194 -0.771674 -0.81271
-6.44531 -0.698843 -0.714035 -0.74057 -0.765965 -0.806863
-6.40625 -0.693377 -0.708519 -0.734965 -0.760275 -0.801036
-6.36719 -0.68793 -0.703021 -0.729379 -0.754604 -0.795229
-6.32813 -0.682501 -0.697541 -0.723811 -0.748952 -0.789441
-6.28906 -0.677089 -0.69208 -0.718262 -0.743318 -0.783673
-6.25 -0.671696 -0.686636 -0.712731 -0.737704 -0.777923
-6.21094 -0.666321 -0.681212 -0.707219 -0.732108 -0.772193
-6.17188 -0.660964 -0.675805 -0.701725 -0.726531 -0.766482
-6.13281 -0.655625 -0.670416 -0.69625 -0.720973 -0.760791
-6.09375 -0.650304 -0.665045 -0.690792 -0.715433 -0.755118
-6.05469 -0.645 -0.659692 -0.685354 -0.709912 -0.749464
-6.01563 -0.639714 -0.654357 -0.679933 -0.704409 -0.743829
-5.97656 -0.634446 -0.64904 -0.67453 -0.698925 -0.738213
-5.9375 -0.629195 -0.643741 -0.669146 -0.693459 -0.732616
-5.89844 -0.623962 -0.638459 -0.663779 -0.688011 -0.727037
-5.85937 -0.618746 -0.633195 -0.658431 -0.682582 -0.721477
-5.82031 -0.613548 -0.627948 -0.6531 -0.67717 -0.715936
-5.78125 -0.608367 -0.622719 -0.647787 -0.671777 -0.710413
-5.74219 -0.603204 -0.617508 -0.642492 -0.666402 -0.704908
-5.70313 -0.598057 -0.612314 -0.637214 -0.661044 -0.699422
-5.66406 -0.592928 -0.607137 -0.631954 -0.655705 -0.693955
-5.625 -0.587816 -0.601978 -0.626712 -0.650383 -0.688505
-5.58594 -0.582721 -0.596835 -0.621487 -0.645079 -0.683074
-5.54688 -0.577643 -0.59171 -0.61628 -0.639793 -0.677661
-5.50781 -0.572582 -0.586602 -0.61109 -0.634524 -0.672266
-5.46875 -0.567538 -0.581511 -0.605917 -0.629274 -0.666889
-5.42969 -0.562511 -0.576437 -0.600762 -0.62404 -0.66153
-5.39063 -0.5575 -0.57138 -0.595623 -0.618824 -0.656189
-5.35156 -0.552506 -0.56634 -0.590502 -0.613626 -0.650865
-5.3125 -0.547529 -0.561317 -0.585398 -0.608445 -0.64556
-5.27344 -0.542569 -0.556311 -0.580312 -0.603281 -0.640272
-5.23438 -0.537625 -0.551321 -0.575242 -0.598134 -0.635002
-5.19531 -0.532697 -0.546348 -0.570189 -0.593005 -0.629749
-5.15625 -0.527786 -0.541391 -0.565152 -0.587892 -0.624514
-5.11719 -0.522892 -0.536451 -0.560133 -0.582797 -0.619297
-5.07813 -0.518014 -0.531527 -0.555131 -0.577719 -0.614097
-5.03906 -0.513152 -0.52662 -0.550145 -0.572658 -0.608914
-5 -0.508306 -0.52173 -0.545175 -0.567613 -0.603749
-4.96094 -0.503476 -0.516855 -0.540223 -0.562586 -0.598601
-4.92188 -0.498663 -0.511997 -0.535287 -0.557575 -0.59347
-4.88281 -0.493865 -0.507155 -0.530367 -0.552581 -0.588356
-4.84375 -0.489084 -0.502329 -0.525464 -0.547604 -0.583259
-4.80469 -0.484318 -0.49752 -0.520577 -0.542643 -0.578179
-4.76563 -0.479569 -0.492726 -0.515706 -0.537699 -0.573116
-4.72656 -0.474835 -0.487948 -0.510852 -0.532771 -0.568071
-4.6875 -0.470117 -0.483187 -0.506014 -0.52786 -0.563042
-4.64844 -0.465415 -0.478441 -0.501192 -0.522965 -0.558029
-4.60938 -0.460728 -0.473711 -0.496386 -0.518086 -0.553034
-4.57031 -0.456057 -0.468997 -0.491596 -0.513224 -0.548055
-4.53125 -0.451402 -0.464298 -0.486822 -0.508378 -0.543093
-4.49219 -0.446762 -0.459615 -0.482064 -0.503548 -0.538147
-4.45313 -0.442138 -0.454948 -0.477322 -0.498734 -0.533218
-4.41406 -0.437529 -0.450296 -0.472596 -0.493937 -0.528305
-4.375 -0.432935 -0.44566 -0.467886 -0.489155 -0.523409
-4.33594 -0.428357 -0.44104 -0.463191 -0.484389 -0.518529
-4.29688 -0.423794 -0.436434 -0.458512 -0.47964 -0.513665
-4.25781 -0.419246 -0.431844 -0.453848 -0.474906 -0.508817
-4.21875 -0.414713 -0.42727 -0.4492 -0.470187 -0.503986
-4.17969 -0.410196 -0.42271 -0.444568 -0.465485 -0.499171
-4.14062 -0.405693 -0.418166 -0.439951 -0.460798 -0.494372
-4.10156 -0.401206 -0.413637 -0.435349 -0.456127 -0.489589
-4.0625 -0.396733 -0.409123 -0.430763 -0.451471 -0.484821
-4.02344 -0.392276 -0.404624 -0.426192 -0.446831 -0.48007
-3.98438 -0.387833 -0.40014 -0.421636 -0.442207 -0.475335
-3.94531 -0.383405 -0.395672 -0.417095 -0.437597 -0.470615
-3.90625 -0.378992 -0.391217 -0.41257 -0.433004 -0.465911
-3.86719 -0.374594 -0.386778 -0.408059 -0.428425 -0.461223
-3.82812 -0.37021 -0.382354 -0.403564 -0.423862 -0.45655
-3.78906 -0.365841 -0.377944 -0.399084 -0.419314 -0.451893
-3.75 -0.361486 -0.373549 -0.394618 -0.414781 -0.447252
-3.71094 -0.357146 -0.369169 -0.390168 -0.410263 -0.442626
-3.67188 -0.35282 -0.364803 -0.385732 -0.405761 -0.438015
-3.63281 -0.348509 -0.360452 -0.381311 -0.401273 -0.43342
-3.59375 -0.344212 -0.356115 -0.376905 -0.3968 -0.42884
-3.55469 -0.339929 -0.351793 -0.372513 -0.392342 -0.424276
-3.51563 -0.335661 -0.347485 -0.368137 -0.3879 -0.419726
-3.47656 -0.331407 -0.343192 -0.363774 -0.383471 -0.415192
-3.4375 -0.327167 -0.338913 -0.359426 -0.379058 -0.410673
-3.39844 -0.322941 -0.334648 -0.355093 -0.374659 -0.406169
-3.35938 -0.318729 -0.330397 -0.350774 -0.370275 -0.40168
-3.32031 -0.314532 -0.32616 -0.34647 -0.365906 -0.397206
-3.28125 -0.310348 -0.321938 -0.34218 -0.361551 -0.392747
-3.24219 -0.306178 -0.317729 -0.337904 -0.357211 -0.388302
-3.20313 -0.302022 -0.313535 -0.333642 -0.352885 -0.383873
-3.16406 -0.29788 -0.309355 -0.329395 -0.348573 -0.379458
-3.125 -0.293752 -0.305188 -0.325162 -0.344276 -0.375058
-3.08594 -0.289637 -0.301035 -0.320943 -0.339993 -0.370673
-3.04687 -0.285536 -0.296897 -0.316738 -0.335725 -0.366302
-3.00781 -0.281449 -0.292772 -0.312546 -0.33147 -0.361946
-2.96875 -0.277376 -0.28866 -0.308369 -0.32723 -0.357604
-2.92969 -0.273316 -0.284563 -0.304206 -0.323004 -0.353277
-2.89063 -0.269269 -0.280479 -0.300057 -0.318792 -0.348964
-2.85156 -0.265236 -0.276408 -0.295921 -0.314594 -0.344666
-2.8125 -0.261216 -0.272352 -0.291799 -0.31041 -0.340382
-2.77344 -0.25721 -0.268308 -0.287691 -0.30624 -0.336112
-2.73437 -0.253217 -0.264278 -0.283597 -0.302084 -0.331856
-2.69531 -0.249238 -0.260262 -0.279516 -0.297942 -0.327615
-2.65625 -0.245271 -0.256259 -0.275449 -0.293814 -0.323387
-2.61719 -0.241318 -0.252269 -0.271395 -0.289699 -0.319174
-2.57813 -0.237378 -0.248293 -0.267355 -0.285598 -0.314975
-2.53906 -0.233451 -0.244329 -0.263329 -0.28151 -0.31079
-2.5 -0.229537 -0.240379 -0.259315 -0.277437 -0.306618
-2.46094 -0.225636 -0.236442 -0.255315 -0.273376 -0.302461
-2.42187 -0.221748 -0.232519 -0.251329 -0.26933 -0.298317
-2.38281 -0.217874 -0.228608 -0.247355 -0.265296 -0.294188
-2.34375 -0.214012 -0.22471 -0.243395 -0.261276 -0.290072
-2.30469 -0.210162 -0.220825 -0.239448 -0.25727 -0.285969
-2.26563 -0.206326 -0.216953 -0.235515 -0.253277 -0.281881
-2.22656 -0.202502 -0.213095 -0.231594 -0.249297 -0.277806
-2.1875 -0.198691 -0.209248 -0.227686 -0.24533 -0.273744
-2.14844 -0.194893 -0.205415 -0.223791 -0.241377 -0.269696
-2.10938 -0.191108 -0.201594 -0.21991 -0.237437 -0.265662
-2.07031 -0.187334 -0.197787 -0.216041 -0.23351 -0.261641
-2.03125 -0.183574 -0.193991 -0.212185 -0.229596 -0.257633
-1.99219 -0.179826 -0.190209 -0.208342 -0.225695 -0.253639
-1.95313 -0.176091 -0.186439 -0.204512 -0.221807 -0.249658
-1.91406 -0.172367 -0.182681 -0.200694 -0.217931 -0.24569
-1.875 -0.168657 -0.178936 -0.196889 -0.214069 -0.241735
-1.83594 -0.164958 -0.175204 -0.193097 -0.21022 -0.237794
-1.79688 -0.161272 -0.171483 -0.189317 -0.206383 -0.233866
-1.75781 -0.157598 -0.167776 -0.18555 -0.202559 -0.22995
-1.71875 -0.153937 -0.16408 -0.181796 -0.198748 -0.226048
-1.67969 -0.150287 -0.160397 -0.178053 -0.19495 -0.222159
-1.64063 -0.14665 -0.156726 -0.174324 -0.191164 -0.218283
-1.60156 -0.143025 -0.153067 -0.170607 -0.187391 -0.214419
-1.5625 -0.139412 -0.149421 -0.166902 -0.18363 -0.210569
-1.52344 -0.13581 -0.145786 -0.163209 -0.179882 -0.206731
-1.48438 -0.132221 -0.142164 -0.159529 -0.176146 -0.202906
-1.44531 -0.128644 -0.138554 -0.155861 -0.172423 -0.199094
-1.40625 -0.125078 -0.134955 -0.152205 -0.168712 -0.195294
-1.36719 -0.121525 -0.131369 -0.148561 -0.165014 -0.191507
-1.32813 -0.117983 -0.127795 -0.14493 -0.161327 -0.187733
-1.28906 -0.114453 -0.124232 -0.14131 -0.157653 -0.183971
-1.25 -0.110935 -0.120681 -0.137703 -0.153991 -0.180222
-1.21094 -0.107428 -0.117142 -0.134107 -0.150342 -0.176485
-1.17188 -0.103933 -0.113615 -0.130524 -0.146704 -0.172761
-1.13281 -0.10045 -0.1101 -0.126952 -0.143079 -0.169048
-1.09375 -0.0969784 -0.106596 -0.123392 -0.139466 -0.165349
-1.05469 -0.0935182 -0.103104 -0.119844 -0.135864 -0.161661
-1.01563 -0.0900694 -0.0996231 -0.116308 -0.132275 -0.157986
-0.976563 -0.0866322 -0.0961541 -0.112784 -0.128697 -0.154323
-0.9375 -0.0832063 -0.0926966 -0.109271 -0.125132 -0.150673
-0.898437 -0.0797918 -0.0892506 -0.10577 -0.121578 -0.147034
-0.859375 -0.0763887 -0.085816 -0.102281 -0.118036 -0.143408
-0.820313 -0.0729968 -0.0823929 -0.0988027 -0.114506 -0.139793
-0.78125 -0.0696163 -0.0789811 -0.0953365 -0.110987 -0.136191
-0.742188 -0.0662469 -0.0755806 -0.0918817 -0.107481 -0.1326
-0.703125 -0.0628887 -0.0721915 -0.0884384 -0.103986 -0.129022
-0.664063 -0.0595417 -0.0688136 -0.0850065 -0.100502 -0.125455
-0.625 -0.0562058 -0.0654469 -0.0815861 -0.0970302 -0.1219
-0.585938 -0.0528809 -0.0620913 -0.078177 -0.0935699 -0.118357
-0.546875 -0.0495671 -0.058747 -0.0747792 -0.090121 -0.114826
-0.507813 -0.0462643 -0.0554137 -0.0713927 -0.0866835 -0.111306
-0.46875 -0.0429724 -0.0520915 -0.0680174 -0.0832575 -0.107799
-0.429687 -0.0396915 -0.0487803 -0.0646534 -0.0798428 -0.104302
-0.390625 -0.0364215 -0.0454801 -0.0613005 -0.0764395 -0.100818
-0.351563 -0.0331623 -0.0421908 -0.0579587 -0.0730475 -0.0973449
-0.3125 -0.0299139 -0.0389125 -0.0546281 -0.0696668 -0.0938835
-0.273438 -0.0266763 -0.035645 -0.0513085 -0.0662972 -0.0904336
-0.234375 -0.0234494 -0.0323884 -0.0479999 -0.0629389 -0.0869951
-0.195312 -0.0202333 -0.0291426 -0.0447022 -0.0595917 -0.083568
-0.15625 -0.0170278 -0.0259075 -0.0414156 -0.0562556 -0.0801523
-0.117188 -0.0138329 -0.0226832 -0.0381398 -0.0529306 -0.076748
-0.078125 -0.0106487 -0.0194696 -0.0348749 -0.0496166 -0.073355
-0.0390625 -0.00747497 -0.0162667 -0.0316209 -0.0463136 -0.0699732
0 -0.0043118 -0.0130743 -0.0283776 -0.0430216 -0.0666026
0.0390625 -0.00115912 -0.00989259 -0.0251451 -0.0397405 -0.0632433
0.078125 0.00198311 -0.0067214 -0.0219233 -0.0364703 -0.0598951
0.117188 0.00511491 -0.00356073 -0.0187122 -0.0332109 -0.056558
0.15625 0.00823633 -0.000410544 -0.0155118 -0.0299624 -0.053232
0.195313 0.0113474 0.0027292 -0.0123219 -0.0267246 -0.049917
0.234375 0.0144482 0.00585853 -0.0091427 -0.0234976 -0.046613
0.273438 0.0175386 0.00897748 -0.00597399 -0.0202813 -0.04332
0.3125 0.0206189 0.0120861 -0.0028158 -0.0170757 -0.0400379
0.351563 0.0236889 0.0151844 0.000331917 -0.0138806 -0.0367667
0.390625 0.0267487 0.0182724 0.0034692 -0.0106962 -0.0335064
0.429687 0.0297984 0.0213502 0.00659607 -0.00752238 -0.0302568
0.46875 0.032838 0.0244178 0.00971258 -0.00435905 -0.0270181
0.507813 0.0358675 0.0274753 0.0128188 -0.00120621 -0.0237901
0.546875 0.038887 0.0305225 0.0159146 0.00193617 -0.0205728
0.585938 0.0418965 0.0335597 0.0190002 0.00506813 -0.0173662
0.625 0.044896 0.0365869 0.0220756 0.0081897 -0.0141702
0.664063 0.0478855 0.039604 0.0251408 0.0113009 -0.0109849
0.703125 0.0508652 0.0426111 0.0281959 0.0144018 -0.00781005
0.742188 0.053835 0.0456082 0.0312408 0.0174925 -0.00464577
0.78125 0.0567949 0.0485954 0.0342756 0.0205729 -0.00149198
0.820313 0.0597451 0.0515727 0.0373003 0.023643 0.00165135
0.859375 0.0626854 0.0545401 0.0403151 0.026703 0.00478425
0.898438 0.065616 0.0574977 0.0433198 0.0297529 0.00790677
0.9375 0.068537 0.0604455 0.0463146 0.0327926 0.0110189
0.976563 0.0714482 0.0633836 0.0492994 0.0358223 0.0141208
1.01563 0.0743498 0.0663119 0.0522744 0.0388419 0.0172123
1.05469 0.0772418 0.0692305 0.0552395 0.0418515 0.0202937
1.09375 0.0801242 0.0721394 0.0581948 0.0448512 0.0233647
1.13281 0.0829971 0.0750388 0.0611403 0.0478409 0.0264257
1.17188 0.0858604 0.0779285 0.064076 0.0508207 0.0294764
1.21094 0.0887143 0.0808086 0.0670021 0.0537906 0.0325171
1.25 0.0915587 0.0836792 0.0699184 0.0567507 0.0355477
1.28906 0.0943937 0.0865403 0.0728251 0.059701 0.0385682
1.32813 0.0972194 0.0893919 0.0757221 0.0626415 0.0415787
1.36719 0.100036 0.0922341 0.0786095 0.0655723 0.0445793
1.40625 0.102843 0.0950669 0.0814874 0.0684933 0.0475699
1.44531 0.10564 0.0978903 0.0843558 0.0714047 0.0505506
1.48438 0.108429 0.100704 0.0872146 0.0743065 0.0535214
1.52344 0.111208 0.103509 0.090064 0.0771986 0.0564824
1.5625 0.113978 0.106305 0.092904 0.0800811 0.0594336
1.60156 0.116739 0.109091 0.0957345 0.0829542 0.062375
1.64063 0.11949 0.111868 0.0985557 0.0858177 0.0653066
1.67969 0.122233 0.114635 0.101368 0.0886717 0.0682286
1.71875 0.124966 0.117394 0.10417 0.0915162 0.0711408
1.75781 0.127691 0.120144 0.106963 0.0943514 0.0740434
1.79688 0.130406 0.122884 0.109747 0.0971771 0.0769365
1.83594 0.133113 0.125615 0.112522 0.0999936 0.0798199
1.875 0.13581 0.128338 0.115288 0.102801 0.0826938
1.91406 0.138499 0.131051 0.118044 0.105598 0.0855581
1.95313 0.141178 0.133755 0.120792 0.108387 0.088413
1.99219 0.143849 0.136451 0.12353 0.111166 0.0912584
2.03125 0.146511 0.139137 0.126259 0.113936 0.0940944
2.07031 0.149164 0.141815 0.128979 0.116697 0.096921
2.10938 0.151809 0.144483 0.13169 0.119449 0.0997383
2.14844 0.154444 0.147143 0.134393 0.122192 0.102546
2.1875 0.157071 0.149794 0.137086 0.124925 0.105345
2.22656 0.15969 0.152437 0.13977 0.12765 0.108134
2.26563 0.162299 0.15507 0.142446 0.130366 0.110914
2.30469 0.1649 0.157695 0.145112 0.133072 0.113685
2.34375 0.167493 0.160311 0.14777 0.13577 0.116447
2.38281 0.170076 0.162919 0.150419 0.138459 0.1192
2.42187 0.172652 0.165518 0.153059 0.141138 0.121943
2.46094 0.175218 0.168108 0.155691 0.143809 0.124678
2.5 0.177777 0.17069 0.158314 0.146471 0.127403
2.53906 0.180327 0.173263 0.160928 0.149125 0.130119
2.57813 0.182868 0.175828 0.163533 0.151769 0.132827
2.61719 0.185401 0.178384 0.16613 0.154405 0.135525
2.65625 0.187926 0.180932 0.168719 0.157032 0.138215
2.69531 0.190442 0.183471 0.171298 0.159651 0.140895
2.73437 0.19295 0.186002 0.17387 0.16226 0.143567
2.77344 0.19545 0.188525 0.176432 0.164861 0.14623
2.8125 0.197941 0.191039 0.178987 0.167454 0.148884
2.85156 0.200424 0.193545 0.181533 0.170038 0.15153
2.89063 0.202899 0.196043 0.18407 0.172613 0.154166
2.92969 0.205366 0.198533 0.186599 0.17518 0.156794
2.96875 0.207825 0.201014 0.18912 0.177739 0.159413
3.00781 0.210275 0.203487 0.191632 0.180289 0.162024
3.04687 0.212718 0.205952 0.194136 0.18283 0.164626
3.08594 0.215152 0.208409 0.196632 0.185363 0.167219
3.125 0.217579 0.210857 0.199119 0.187888 0.169804
3.16406 0.219997 0.213298 0.201599 0.190404 0.17238
3.20313 0.222407 0.21573 0.20407 0.192912 0.174947
3.24219 0.22481 0.218155 0.206533 0.195412 0.177507
3.28125 0.227204 0.220571 0.208988 0.197904 0.180057
3.32031 0.229591 0.22298 0.211434 0.200387 0.1826
3.35938 0.23197 0.22538 0.213873 0.202862 0.185134
3.39844 0.23434 0.227773 0.216304 0.205329 0.187659
3.4375 0.236703 0.230158 0.218726 0.207788 0.190176
3.47656 0.239059 0.232534 0.221141 0.210239 0.192685
3.51563 0.241406 0.234903 0.223547 0.212681 0.195186
3.55469 0.243746 0.237265 0.225946 0.215116 0.197678
3.59375 0.246078 0.239618 0.228337 0.217542 0.200162
3.63281 0.248402 0.241964 0.23072 0.219961 0.202638
3.67188 0.250719 0.244301 0.233095 0.222371 0.205106
3.71094 0.253028 0.246632 0.235462 0.224774 0.207565
3.75 0.255329 0.248954 0.237821 0.227169 0.210017
3.78906 0.257623 0.251269 0.240173 0.229555 0.21246
3.82812 0.259909 0.253576 0.242516 0.231934 0.214895
3.86719 0.262188 0.255876 0.244852 0.234305 0.217322
3.90625 0.264459 0.258168 0.247181 0.236668 0.219742
3.94531 0.266723 0.260452 0.249501 0.239024 0.222153
3.98438 0.268979 0.262729 0.251814 0.241371 0.224556
4.02344 0.271228 0.264998 0.25412 0.243711 0.226951
4.0625 0.273469 0.26726 0.256418 0.246043 0.229339
4.10156 0.275703 0.269515 0.258708 0.248367 0.231718
4.14062 0.27793 0.271762 0.260991 0.250684 0.23409
4.17969 0.280149 0.274001 0.263266 0.252993 0.236454
4.21875 0.282361 0.276234 0.265533 0.255295 0.23881
4.25781 0.284566 0.278458 0.267793 0.257589 0.241158
4.29688 0.286763 0.280676 0.270046 0.259875 0.243499
4.33594 0.288953 0.282886 0.272291 0.262154 0.245832
4.375 0.291136 0.285089 0.274529 0.264425 0.248157
4.41406 0.293312 0.287285 0.27676 0.266689 0.250474
4.45313 0.295481 0.289473 0.278983 0.268945 0.252784
4.49219 0.297642 0.291655 0.281199 0.271194 0.255086
4.53125 0.299796 0.293829 0.283407 0.273436 0.257381
4.57031 0.301943 0.295995 0.285608 0.27567 0.259668
4.60938 0.304084 0.298155 0.287802 0.277896 0.261947
4.64844 0.306217 0.300308 0.289989 0.280116 0.264219
4.6875 0.308343 0.302453 0.292169 0.282328 0.266484
4.72656 0.310462 0.304592 0.294341 0.284533 0.268741
4.76563 0.312574 0.306723 0.296506 0.28673 0.27099
4.80469 0.314679 0.308848 0.298664 0.288921 0.273233
4.84375 0.316777 0.310965 0.300815 0.291104 0.275467
4.88281 0.318869 0.313076 0.302959 0.293279 0.277695
4.92188 0.320953 0.315179 0.305096 0.295448 0.279915
4.96094 0.323031 0.317276 0.307226 0.29761 0.282127
5 0.325101 0.319365 0.309348 0.299764 0.284333
5.03906 0.327165 0.321448 0.311464 0.301911 0.286531
5.07813 0.329222 0.323524 0.313573 0.304052 0.288722
5.11719 0.331273 0.325593 0.315675 0.306185 0.290906
5.15625 0.333316 0.327655 0.31777 0.308311 0.293082
5.19531 0.335353 0.329711 0.319858 0.31043 0.295252
5.23438 0.337383 0.33176 0.321939 0.312542 0.297414
5.27344 0.339407 0.333802 0.324013 0.314648 0.299569
5.3125 0.341424 0.335837 0.326081 0.316746 0.301717
5.35156 0.343434 0.337865 0.328141 0.318837 0.303858
5.39063 0.345437 0.339887 0.330195 0.320922 0.305992
5.42969 0.347434 0.341903 0.332242 0.323 0.308118
5.46875 0.349425 0.343911 0.334283 0.32507 0.310238
5.50781 0.351409 0.345913 0.336317 0.327134 0.312351
5.54688 0.353386 0.347909 0.338343 0.329192 0.314457
5.58594 0.355357 0.349897 0.340364 0.331242 0.316556
5.625 0.357321 0.35188 0.342378 0.333286 0.318648
5.66406 0.359279 0.353856 0.344385 0.335323 0.320733
5.70313 0.361231 0.355825 0.346385 0.337353 0.322811
5.74219 0.363176 0.357788 0.348379 0.339377 0.324883
5.78125 0.365114 0.359744 0.350366 0.341394 0.326947
5.82031 0.367047 0.361694 0.352347 0.343404 0.329005
5.85937 0.368973 0.363638 0.354321 0.345407 0.331056
5.89844 0.370892 0.365575 0.356289 0.347405 0.333101
5.9375 0.372806 0.367505 0.35825 0.349395 0.335138
5.97656 0.374713 0.36943 0.360205 0.351379 0.337169
6.01563 0.376613 0.371348 0.362154 0.353357 0.339193
6.05469 0.378508 0.37326 0.364096 0.355327 0.341211
6.09375 0.380396 0.375165 0.366031 0.357292 0.343222
6.13281 0.382278 0.377065 0.367961 0.35925 0.345226
6.17188 0.384154 0.378958 0.369883 0.361202 0.347224
6.21094 0.386024 0.380844 0.3718 0.363147 0.349215
6.25 0.387887 0.382725 0.37371 0.365085 0.351199
6.28906 0.389745 0.384599 0.375614 0.367018 0.353177
6.32813 0.391596 0.386468 0.377512 0.368944 0.355149
6.36719 0.393441 0.38833 0.379404 0.370864 0.357114
6.40625 0.395281 0.390186 0.381289 0.372777 0.359072
6.44531 0.397114 0.392036 0.383168 0.374684 0.361025
6.48437 0.398941 0.39388 0.385041 0.376585 0.36297
6.52344 0.400762 0.395717 0.386908 0.378479 0.36491
6.5625 0.402577 0.397549 0.388769 0.380368 0.366843
6.60156 0.404387 0.399375 0.390623 0.38225 0.368769
6.64063 0.40619 0.401195 0.392472 0.384126 0.37069
6.67969 0.407987 0.403008 0.394314 0.385996 0.372604
6.71875 0.409779 0.404816 0.396151 0.38786 0.374511
6.75781 0.411564 0.406618 0.397981 0.389717 0.376413
6.79688 0.413344 0.408414 0.399805 0.391569 0.378308
6.83594 0.415118 0.410204 0.401624 0.393414 0.380197
6.875 0.416886 0.411988 0.403436 0.395253 0.382079
6.91406 0.418648 0.413767 0.405242 0.397087 0.383956
6.95313 0.420405 0.415539 0.407043 0.398914 0.385826
6.99219 0.422156 0.417306 0.408837 0.400735 0.387691
7.03125 0.423901 0.419067 0.410626 0.40255 0.389549
7.07031 0.42564 0.420822 0.412409 0.40436 0.391401
7.10938 0.427374 0.422571 0.414186 0.406163 0.393247
7.14844 0.429101 0.424315 0.415957 0.40796 0.395087
7.1875 0.430824 0.426053 0.417722 0.409752 0.39692
7.22656 0.43254 0.427785 0.419482 0.411538 0.398748
7.26563 0.434251 0.429512 0.421236 0.413318 0.40057
7.30469 0.435957 0.431233 0.422984 0.415092 0.402386
7.34375 0.437656 0.432948 0.424726 0.41686 0.404196
7.38281 0.43935 0.434657 0.426463 0.418622 0.406
7.42188 0.441039 0.436361 0.428193 0.420379 0.407798
7.46094 0.442722 0.43806 0.429919 0.42213 0.40959
7.5 0.4444 0.439753 0.431638 0.423875 0.411376
7.53906 0.446072 0.44144 0.433352 0.425614 0.413156
7.57813 0.447738 0.443122 0.43506 0.427348 0.414931
7.61719 0.4494 0.444798 0.436763 0.429076 0.416699
7.65625 0.451055 0.446469 0.43846 0.430798 0.418462
7.69531 0.452706 0.448134 0.440152 0.432515 0.420219
7.73438 0.45435 0.449794 0.441838 0.434226 0.421971
7.77344 0.45599 0.451448 0.443518 0.435931 0.423716
7.8125 0.457624 0.453097 0.445193 0.437631 0.425456
7.85156 0.459253 0.454741 0.446863 0.439325 0.427191
7.89062 0.460876 0.456379 0.448527 0.441014 0.428919
7.92969 0.462494 0.458012 0.450185 0.442697 0.430642
7.96875 0.464107 0.459639 0.451838 0.444375 0.432359
8.00781 0.465715 0.461262 0.453486 0.446047 0.434071
8.04688 0.467317 0.462878 0.455128 0.447714 0.435776
8.08594 0.468914 0.46449 0.456765 0.449375 0.437477
8.125 0.470506 0.466096 0.458397 0.451031 0.439172
8.16406 0.472092 0.467697 0.460023 0.452681 0.440861
8.20313 0.473674 0.469293 0.461644 0.454326 0.442544
8.24219 0.47525 0.470884 0.46326 0.455965 0.444223
8.28125 0.476821 0.472469 0.46487 0.4576 0.445895
8.32031 0.478387 0.474049 0.466475 0.459228 0.447562
8.35938 0.479948 0.475624 0.468075 0.460852 0.449224
8.39844 0.481503 0.477194 0.469669 0.46247 0.45088
8.4375 0.483054 0.478759 0.471259 0.464083 0.452531
8.47656 0.4846 0.480318 0.472843 0.465691 0.454177
8.51563 0.48614 0.481873 0.474422 0.467293 0.455817
8.55469 0.487676 0.483422 0.475995 0.46889 0.457451
8.59375 0.489206 0.484967 0.477564 0.470482 0.459081
8.63281 0.490731 0.486506 0.479128 0.472069 0.460705
8.67187 0.492252 0.48804 0.480686 0.47365 0.462323
8.71094 0.493767 0.489569 0.482239 0.475226 0.463937
8.75 0.495278 0.491094 0.483787 0.476798 0.465545
8.78906 0.496783 0.492613 0.485331 0.478364 0.467148
8.82813 0.498284 0.494127 0.486869 0.479924 0.468745
8.86719 0.49978 0.495636 0.488402 0.48148 0.470338
8.90625 0.501271 0.497141 0.48993 0.483031 0.471925
8.94531 0.502757 0.49864 0.491453 0.484576 0.473507
8.98438 0.504238 0.500135 0.492971 0.486117 0.475084
9.02344 0.505714 0.501625 0.494484 0.487653 0.476655
9.0625 0.507185 0.503109 0.495992 0.489183 0.478222
9.10156 0.508652 0.504589 0.497495 0.490709 0.479783
9.14063 0.510114 0.506065 0.498994 0.492229 0.481339
9.17969 0.511571 0.507535 0.500487 0.493745 0.48289
9.21875 0.513023 0.509 0.501976 0.495255 0.484436
9.25781 0.514471 0.510461 0.503459 0.496761 0.485977
9.29688 0.515914 0.511917 0.504938 0.498262 0.487513
9.33594 0.517352 0.513368 0.506412 0.499757 0.489044
9.375 0.518786 0.514815 0.507881 0.501248 0.49057
9.41406 0.520214 0.516256 0.509346 0.502734 0.492091
9.45313 0.521638 0.517694 0.510805 0.504216 0.493607
9.49219 0.523058 0.519126 0.51226 0.505692 0.495118
9.53125 0.524473 0.520554 0.51371 0.507163 0.496624
9.57031 0.525883 0.521977 0.515156 0.50863 0.498126
9.60938 0.527289 0.523395 0.516596 0.510092 0.499622
9.64844 0.52869 0.524809 0.518032 0.511549 0.501113
9.6875 0.530086 0.526218 0.519463 0.513002 0.5026
9.72656 0.531478 0.527622 0.52089 0.514449 0.504081
9.76563 0.532865 0.529022 0.522312 0.515892 0.505558
9.80469 0.534248 0.530418 0.523729 0.517331 0.50703
9.84375 0.535626 0.531808 0.525142 0.518764 0.508497
9.88281 0.537 0.533195 0.52655 0.520193 0.50996
9.92187 0.53837 0.534577 0.527953 0.521617 0.511417
9.96094 0.539735 0.535954 0.529352 0.523037 0.51287
10 0.541095 0.537327 0.530747 0.524452 0.514318
