0 0.1 -0.05 0 0.00081137 1.3689e-07 0
0 0.1 -0.05 0.010472 0.0042662 9.1531e-08 0.26482
0 0.1 -0.05 0.015472 0.0082653 7.8757e-08 0.22231
0 0.1 -0.05 0.020472 0.014811 8.5794e-08 0.19486
0 0.1 -0.05 0.025472 0.024668 1.157e-07 0.17516
0 0.1 -0.05 0.027972 0.030974 5.7638e-08 0.16693
0 0.1 -0.05 0.030472 0.038401 -1.6193e-07 0.1601
0 0.1 -0.05 0.032972 0.03099 -1.8694e-07 0.15355
0 0.1 -0.05 0.035472 0.024699 -2.1078e-07 0.14807
0 0.1 -0.05 0.040472 0.014862 -2.477e-07 0.13819
0 0.1 -0.05 0.045472 0.0083242 -2.6635e-07 0.12987
0 0.1 -0.05 0.050472 0.0043201 -2.6149e-07 0.12274
0 0.1 -0.01 0 0.00076561 1.4335e-07 0
0 0.1 -0.01 0.010472 0.0041489 -4.7373e-08 0.26278
0 0.1 -0.01 0.015472 0.0081365 -4.7228e-08 0.22104
0 0.1 -0.01 0.020472 0.014696 -1.3181e-08 0.19411
0 0.1 -0.01 0.025472 0.024593 4.9606e-08 0.17479
0 0.1 -0.01 0.027972 0.031009 1.3157e-07 0.16709
0 0.1 -0.01 0.030472 0.038384 -1.308e-07 0.16003
0 0.1 -0.01 0.032972 0.031087 -1.81e-07 0.15395
0 0.1 -0.01 0.035472 0.02474 -2.1814e-07 0.14825
0 0.1 -0.01 0.040472 0.014945 -2.9774e-07 0.13856
0 0.1 -0.01 0.045472 0.0084219 -3.5504e-07 0.13041
0 0.1 -0.01 0.050472 0.0044102 -3.7961e-07 0.12343
0 0.1 0 0 0.00075655 1.4382e-07 0
0 0.1 0 0.010472 0.0041362 1.9114e-09 0.26256
0 0.1 0 0.015472 0.0081173 -6.9775e-08 0.22085
0 0.1 0 0.020472 0.014674 -8.6336e-08 0.19397
0 0.1 0 0.025472 0.024576 -2.5148e-08 0.17471
0 0.1 0 0.027972 0.031025 1.2939e-07 0.16716
0 0.1 0 0.030472 0.038381 -9.6822e-08 0.16001
0 0.1 0 0.032972 0.031118 -1.79e-07 0.15408
0 0.1 0 0.035472 0.024756 -2.2836e-07 0.14831
0 0.1 0 0.040472 0.014979 -3.1572e-07 0.13872
0 0.1 0 0.045472 0.0084668 -3.3513e-07 0.13066
0 0.1 0 0.050472 0.0044562 -3.0022e-07 0.12377
0 0.1 0.01 0 0.00073928 1.4441e-07 0
0 0.1 0.01 0.010472 0.0041077 8.7878e-08 0.26205
0 0.1 0.01 0.015472 0.0080859 7.1557e-08 0.22054
0 0.1 0.01 0.020472 0.014646 4.1574e-08 0.19379
0 0.1 0.01 0.025472 0.024558 6.4218e-08 0.17462
0 0.1 0.01 0.027972 0.030982 1.2723e-07 0.16697
0 0.1 0.01 0.030472 0.038377 -1.3221e-07 0.15999
0 0.1 0.01 0.032972 0.03109 -1.7659e-07 0.15396
0 0.1 0.01 0.035472 0.024766 -2.0811e-07 0.14835
0 0.1 0.01 0.040472 0.014998 -2.5253e-07 0.1388
0 0.1 0.01 0.045472 0.0084896 -2.5954e-07 0.13078
0 0.1 0.01 0.050472 0.0044773 -2.5902e-07 0.12393
0 0.1 0.05 0 0.0006922 1.4245e-07 0
0 0.1 0.05 0.010472 0.0039883 -4.416e-08 0.25994
0 0.1 0.05 0.015472 0.0079477 -1.0942e-07 0.21918
0 0.1 0.05 0.020472 0.014526 -4.327e-08 0.19301
0 0.1 0.05 0.025472 0.024484 3.4821e-08 0.17425
0 0.1 0.05 0.027972 0.030935 1.1254e-07 0.16675
0 0.1 0.05 0.030472 0.038361 -1.1118e-07 0.15992
0 0.1 0.05 0.032972 0.031102 -1.6232e-07 0.15401
0 0.1 0.05 0.035472 0.024803 -1.8698e-07 0.14851
0 0.1 0.05 0.040472 0.015068 -2.6697e-07 0.13912
0 0.1 0.05 0.045472 0.0085686 -3.4422e-07 0.13122
0 0.1 0.05 0.050472 0.0045581 -3.3218e-07 0.12453
0.2 0.1 -0.05 0 0.00081065 1.2126e-07 0
0.2 0.1 -0.05 0.010472 0.0042647 7.7808e-08 0.26479
0.2 0.1 -0.05 0.015472 0.0082637 6.6055e-08 0.22229
0.2 0.1 -0.05 0.020472 0.014809 7.4124e-08 0.19485
0.2 0.1 -0.05 0.025472 0.024667 1.0507e-07 0.17516
0.2 0.1 -0.05 0.027972 0.030974 4.7567e-08 0.16693
0.2 0.1 -0.05 0.030472 0.038401 -1.5233e-07 0.1601
0.2 0.1 -0.05 0.032972 0.03099 -1.779e-07 0.15355
0.2 0.1 -0.05 0.035472 0.024699 -2.0219e-07 0.14808
0.2 0.1 -0.05 0.040472 0.014864 -2.4011e-07 0.1382
0.2 0.1 -0.05 0.045472 0.0083259 -2.5976e-07 0.12988
0.2 0.1 -0.05 0.050472 0.0043217 -2.5591e-07 0.12276
0.2 0.1 -0.01 0 0.00076436 3.8394e-07 0
0.2 0.1 -0.01 0.010472 0.0041464 1.9188e-07 0.26273
0.2 0.1 -0.01 0.015472 0.0081337 1.9102e-07 0.22101
0.2 0.1 -0.01 0.020472 0.014693 2.24e-07 0.1941
0.2 0.1 -0.01 0.025472 0.024592 2.8575e-07 0.17479
0.2 0.1 -0.01 0.027972 0.031009 3.6801e-07 0.16708
0.2 0.1 -0.01 0.030472 0.038386 -3.6606e-07 0.16003
0.2 0.1 -0.01 0.032972 0.03109 -4.1588e-07 0.15396
0.2 0.1 -0.01 0.035472 0.024743 -4.527e-07 0.14826
0.2 0.1 -0.01 0.040472 0.014948 -5.3173e-07 0.13858
0.2 0.1 -0.01 0.045472 0.0084256 -5.8843e-07 0.13043
0.2 0.1 -0.01 0.050472 0.0044133 -6.1223e-07 0.12345
0.2 0.1 0 0 0.00075506 2.3729e-07 0
0.2 0.1 0 0.010472 0.004133 9.309e-08 0.2625
0.2 0.1 0 0.015472 0.0081137 2.085e-08 0.22082
0.2 0.1 0 0.020472 0.014671 3.95e-09 0.19395
0.2 0.1 0 0.025472 0.024575 6.4843e-08 0.1747
0.2 0.1 0 0.027972 0.031024 2.1903e-07 0.16715
0.2 0.1 0 0.030472 0.038381 -1.8631e-07 0.16001
0.2 0.1 0 0.032972 0.031119 -2.6796e-07 0.15408
0.2 0.1 0 0.035472 0.024758 -3.17e-07 0.14832
0.2 0.1 0 0.040472 0.014982 -4.0326e-07 0.13873
0.2 0.1 0 0.045472 0.0084708 -4.2156e-07 0.13068
0.2 0.1 0 0.050472 0.0044598 -3.8575e-07 0.1238
0.2 0.1 0.01 0 0.00073763 4.2995e-07 0
0.2 0.1 0.01 0.010472 0.0041041 3.725e-07 0.26199
0.2 0.1 0.01 0.015472 0.0080819 3.5577e-07 0.2205
0.2 0.1 0.01 0.020472 0.014642 3.2514e-07 0.19377
0.2 0.1 0.01 0.025472 0.024556 3.478e-07 0.17461
0.2 0.1 0.01 0.027972 0.030981 4.1055e-07 0.16696
0.2 0.1 0.01 0.030472 0.038379 -4.1553e-07 0.16
0.2 0.1 0.01 0.032972 0.031093 -4.5952e-07 0.15398
0.2 0.1 0.01 0.035472 0.024769 -4.9075e-07 0.14837
0.2 0.1 0.01 0.040472 0.015003 -5.3422e-07 0.13882
0.2 0.1 0.01 0.045472 0.0084947 -5.4138e-07 0.13081
0.2 0.1 0.01 0.050472 0.0044817 -5.4043e-07 0.12396
0.2 0.1 0.05 0 0.00068921 5.151e-08 0
0.2 0.1 0.05 0.010472 0.0039814 -1.457e-07 0.25982
0.2 0.1 0.05 0.015472 0.0079404 -2.1218e-07 0.2191
0.2 0.1 0.05 0.020472 0.01452 -1.5067e-07 0.19297
0.2 0.1 0.05 0.025472 0.02448 -7.7154e-08 0.17423
0.2 0.1 0.05 0.027972 0.030933 -1.1256e-09 0.16674
0.2 0.1 0.05 0.030472 0.03836 4.9347e-09 0.15992
0.2 0.1 0.05 0.032972 0.031104 -4.4626e-08 0.15402
0.2 0.1 0.05 0.035472 0.024806 -6.7337e-08 0.14852
0.2 0.1 0.05 0.040472 0.015074 -1.4419e-07 0.13915
0.2 0.1 0.05 0.045472 0.0085754 -2.1823e-07 0.13126
0.2 0.1 0.05 0.050472 0.0045654 -1.9742e-07 0.12459
0.5 0.1 -0.05 0 0.00080958 1.3723e-07 0
0.5 0.1 -0.05 0.010472 0.0042625 9.1317e-08 0.26476
0.5 0.1 -0.05 0.015472 0.0082612 7.8556e-08 0.22227
0.5 0.1 -0.05 0.020472 0.014807 8.5637e-08 0.19484
0.5 0.1 -0.05 0.025472 0.024666 1.156e-07 0.17515
0.5 0.1 -0.05 0.027972 0.030973 5.7667e-08 0.16692
0.5 0.1 -0.05 0.030472 0.038401 -1.6186e-07 0.1601
0.5 0.1 -0.05 0.032972 0.030991 -1.8701e-07 0.15355
0.5 0.1 -0.05 0.035472 0.024701 -2.1072e-07 0.14808
0.5 0.1 -0.05 0.040472 0.014866 -2.4759e-07 0.13821
0.5 0.1 -0.05 0.045472 0.0083285 -2.662e-07 0.12989
0.5 0.1 -0.05 0.050472 0.004324 -2.6132e-07 0.12277
0.5 0.1 -0.01 0 0.00076233 1.433e-07 0
0.5 0.1 -0.01 0.010472 0.0041422 -4.6242e-08 0.26266
0.5 0.1 -0.01 0.015472 0.008129 -4.6302e-08 0.22097
0.5 0.1 -0.01 0.020472 0.014689 -1.2622e-08 0.19407
0.5 0.1 -0.01 0.025472 0.02459 4.9819e-08 0.17477
0.5 0.1 -0.01 0.027972 0.031007 1.3237e-07 0.16708
0.5 0.1 -0.01 0.030472 0.038384 -1.3092e-07 0.16003
0.5 0.1 -0.01 0.032972 0.031089 -1.8114e-07 0.15396
0.5 0.1 -0.01 0.035472 0.024744 -2.1851e-07 0.14826
0.5 0.1 -0.01 0.040472 0.014951 -2.986e-07 0.13859
0.5 0.1 -0.01 0.045472 0.0084294 -3.5638e-07 0.13045
0.5 0.1 -0.01 0.050472 0.004417 -3.8116e-07 0.12348
0.5 0.1 0 0 0.00075278 1.437e-07 0
0.5 0.1 0 0.010472 0.004128 -3.0427e-10 0.26241
0.5 0.1 0 0.015472 0.0081082 -7.1676e-08 0.22076
0.5 0.1 0 0.020472 0.014666 -8.7382e-08 0.19392
0.5 0.1 0 0.025472 0.024572 -2.5203e-08 0.17468
0.5 0.1 0 0.027972 0.031022 1.2942e-07 0.16715
0.5 0.1 0 0.030472 0.038381 -9.7285e-08 0.16001
0.5 0.1 0 0.032972 0.03112 -1.7907e-07 0.15409
0.5 0.1 0 0.035472 0.024761 -2.2852e-07 0.14833
0.5 0.1 0 0.040472 0.014987 -3.1495e-07 0.13875
0.5 0.1 0 0.045472 0.008476 -3.3339e-07 0.13071
0.5 0.1 0 0.050472 0.0044647 -2.9797e-07 0.12383
0.5 0.1 0.01 0 0.00073501 1.4424e-07 0
0.5 0.1 0.01 0.010472 0.0040982 8.7545e-08 0.26189
0.5 0.1 0.01 0.015472 0.0080754 7.124e-08 0.22044
0.5 0.1 0.01 0.020472 0.014636 4.0461e-08 0.19373
0.5 0.1 0.01 0.025472 0.024553 6.4116e-08 0.17459
0.5 0.1 0.01 0.027972 0.030979 1.2724e-07 0.16695
0.5 0.1 0.01 0.030472 0.038377 -1.3257e-07 0.15999
0.5 0.1 0.01 0.032972 0.031093 -1.7665e-07 0.15397
0.5 0.1 0.01 0.035472 0.024771 -2.0804e-07 0.14837
0.5 0.1 0.01 0.040472 0.015007 -2.5139e-07 0.13884
0.5 0.1 0.01 0.045472 0.0085002 -2.5942e-07 0.13084
0.5 0.1 0.01 0.050472 0.004487 -2.5884e-07 0.124
0.5 0.1 0.05 0 0.00068483 1.4286e-07 0
0.5 0.1 0.05 0.010472 0.0039714 -4.8939e-08 0.25964
0.5 0.1 0.05 0.015472 0.0079298 -1.0702e-07 0.219
0.5 0.1 0.05 0.020472 0.01451 -4.2339e-08 0.19291
0.5 0.1 0.05 0.025472 0.024474 3.4483e-08 0.1742
0.5 0.1 0.05 0.027972 0.030931 1.1324e-07 0.16673
0.5 0.1 0.05 0.030472 0.038361 -1.1074e-07 0.15992
0.5 0.1 0.05 0.032972 0.031108 -1.6316e-07 0.15404
0.5 0.1 0.05 0.035472 0.024812 -1.8805e-07 0.14854
0.5 0.1 0.05 0.040472 0.015084 -2.7057e-07 0.13919
0.5 0.1 0.05 0.045472 0.0085864 -3.5012e-07 0.13132
0.5 0.1 0.05 0.050472 0.004577 -3.2574e-07 0.12467
0.8 0.1 -0.05 0 0.00080834 -3.1817e-07 0
0.8 0.1 -0.05 0.010472 0.0042599 -3.8423e-07 0.26471
0.8 0.1 -0.05 0.015472 0.0082583 -4.0652e-07 0.22224
0.8 0.1 -0.05 0.020472 0.014805 -4.0895e-07 0.19482
0.8 0.1 -0.05 0.025472 0.024664 -3.8848e-07 0.17514
0.8 0.1 -0.05 0.027972 0.030973 -4.5098e-07 0.16692
0.8 0.1 -0.05 0.030472 0.038398 3.5173e-07 0.16008
0.8 0.1 -0.05 0.032972 0.030989 3.3128e-07 0.15355
0.8 0.1 -0.05 0.035472 0.024699 3.1242e-07 0.14808
0.8 0.1 -0.05 0.040472 0.014866 2.851e-07 0.13821
0.8 0.1 -0.05 0.045472 0.0083295 2.7605e-07 0.1299
0.8 0.1 -0.05 0.050472 0.0043254 2.9048e-07 0.12278
0.8 0.1 -0.01 0 0.00076036 3.5443e-07 0
0.8 0.1 -0.01 0.010472 0.0041382 1.2465e-07 0.26259
0.8 0.1 -0.01 0.015472 0.0081245 1.0493e-07 0.22092
0.8 0.1 -0.01 0.020472 0.014685 1.1886e-07 0.19404
0.8 0.1 -0.01 0.025472 0.024587 1.6158e-07 0.17476
0.8 0.1 -0.01 0.027972 0.031006 2.3434e-07 0.16707
0.8 0.1 -0.01 0.030472 0.038385 -2.2311e-07 0.16003
0.8 0.1 -0.01 0.032972 0.031091 -2.636e-07 0.15397
0.8 0.1 -0.01 0.035472 0.024747 -2.9136e-07 0.14827
0.8 0.1 -0.01 0.040472 0.014955 -3.5225e-07 0.13861
0.8 0.1 -0.01 0.045472 0.008434 -3.908e-07 0.13048
0.8 0.1 -0.01 0.050472 0.0044212 -3.9618e-07 0.12351
0.8 0.1 0 0 0.00075041 -4.8835e-08 0
0.8 0.1 0 0.010472 0.0041228 -2.3755e-07 0.26232
0.8 0.1 0 0.015472 0.0081023 -3.2961e-07 0.2207
0.8 0.1 0 0.020472 0.01466 -3.657e-07 0.19388
0.8 0.1 0 0.025472 0.024569 -3.2378e-07 0.17467
0.8 0.1 0 0.027972 0.031021 -1.7941e-07 0.16714
0.8 0.1 0 0.030472 0.038379 2.2176e-07 0.16
0.8 0.1 0 0.032972 0.031119 1.5054e-07 0.15409
0.8 0.1 0 0.035472 0.024761 1.1141e-07 0.14834
0.8 0.1 0 0.040472 0.01499 4.6194e-08 0.13877
0.8 0.1 0 0.045472 0.0084804 4.9034e-08 0.13073
0.8 0.1 0 0.050472 0.004469 1.0551e-07 0.12387
0.8 0.1 0.01 0 0.00073247 4.625e-07 0
0.8 0.1 0.01 0.010472 0.0040926 3.5959e-07 0.26179
0.8 0.1 0.01 0.015472 0.0080692 3.2036e-07 0.22038
0.8 0.1 0.01 0.020472 0.014631 2.6809e-07 0.19369
0.8 0.1 0.01 0.025472 0.02455 2.7032e-07 0.17458
0.8 0.1 0.01 0.027972 0.030978 3.2242e-07 0.16694
0.8 0.1 0.01 0.030472 0.038378 -3.1699e-07 0.16
0.8 0.1 0.01 0.032972 0.031095 -3.4985e-07 0.15398
0.8 0.1 0.01 0.035472 0.024775 -3.7012e-07 0.14839
0.8 0.1 0.01 0.040472 0.015013 -3.9075e-07 0.13887
0.8 0.1 0.01 0.045472 0.008507 -3.7746e-07 0.13088
0.8 0.1 0.01 0.050472 0.0044931 -3.5483e-07 0.12405
0.8 0.1 0.05 0 0.00068015 -5.921e-07 0
0.8 0.1 0.05 0.010472 0.0039605 -8.7831e-07 0.25945
0.8 0.1 0.05 0.015472 0.0079181 -9.7589e-07 0.21888
0.8 0.1 0.05 0.020472 0.0145 -9.5552e-07 0.19284
0.8 0.1 0.05 0.025472 0.024468 -9.23e-07 0.17417
0.8 0.1 0.05 0.027972 0.030927 -8.6591e-07 0.16672
0.8 0.1 0.05 0.030472 0.038354 8.9057e-07 0.1599
0.8 0.1 0.05 0.032972 0.031105 8.5958e-07 0.15403
0.8 0.1 0.05 0.035472 0.024812 8.5638e-07 0.14854
0.8 0.1 0.05 0.040472 0.015089 8.1651e-07 0.13921
0.8 0.1 0.05 0.045472 0.008594 7.7968e-07 0.13136
0.8 0.1 0.05 0.050472 0.0045859 8.5318e-07 0.12474
1 0.1 -0.05 0 0.0008078 1.3553e-07 0
1 0.1 -0.05 0.010472 0.0042588 8.8965e-08 0.26469
1 0.1 -0.05 0.015472 0.0082572 7.6166e-08 0.22223
1 0.1 -0.05 0.020472 0.014804 8.3242e-08 0.19482
1 0.1 -0.05 0.025472 0.024664 1.1321e-07 0.17514
1 0.1 -0.05 0.027972 0.030972 5.5379e-08 0.16692
1 0.1 -0.05 0.030472 0.038401 -1.5946e-07 0.1601
1 0.1 -0.05 0.032972 0.030992 -1.8471e-07 0.15356
1 0.1 -0.05 0.035472 0.024703 -2.0826e-07 0.14809
1 0.1 -0.05 0.040472 0.01487 -2.4505e-07 0.13822
1 0.1 -0.05 0.045472 0.0083327 -2.6356e-07 0.12992
1 0.1 -0.05 0.050472 0.0043279 -2.5861e-07 0.1228
1 0.1 -0.01 0 0.00075909 1.3734e-07 0
1 0.1 -0.01 0.010472 0.0041356 -5.1429e-08 0.26254
1 0.1 -0.01 0.015472 0.0081217 -5.1879e-08 0.22089
1 0.1 -0.01 0.020472 0.014683 -1.8746e-08 0.19403
1 0.1 -0.01 0.025472 0.024586 4.3169e-08 0.17475
1 0.1 -0.01 0.027972 0.031005 1.2552e-07 0.16707
1 0.1 -0.01 0.030472 0.038384 -1.2399e-07 0.16002
1 0.1 -0.01 0.032972 0.031091 -1.7413e-07 0.15397
1 0.1 -0.01 0.035472 0.024748 -2.1165e-07 0.14828
1 0.1 -0.01 0.040472 0.014957 -2.9204e-07 0.13862
1 0.1 -0.01 0.045472 0.0084367 -3.5011e-07 0.13049
1 0.1 -0.01 0.050472 0.0044238 -3.749e-07 0.12353
1 0.1 0 0 0.00074906 1.3596e-07 0
1 0.1 0 0.010472 0.0041199 -1.0653e-08 0.26227
1 0.1 0 0.015472 0.0080992 -8.1968e-08 0.22067
1 0.1 0 0.020472 0.014658 -9.7081e-08 0.19387
1 0.1 0 0.025472 0.024567 -3.4179e-08 0.17466
1 0.1 0 0.027972 0.03102 1.2039e-07 0.16713
1 0.1 0 0.030472 0.038381 -8.8558e-08 0.16001
1 0.1 0 0.032972 0.031122 -1.6984e-07 0.1541
1 0.1 0 0.035472 0.024765 -2.1923e-07 0.14835
1 0.1 0 0.040472 0.014994 -3.0448e-07 0.13879
1 0.1 0 0.045472 0.0084851 -3.217e-07 0.13076
1 0.1 0 0.050472 0.004473 -2.8553e-07 0.1239
1 0.1 0.01 0 0.0007308 1.3422e-07 0
1 0.1 0.01 0.010472 0.0040889 7.6607e-08 0.26172
1 0.1 0.01 0.015472 0.008065 5.831e-08 0.22034
1 0.1 0.01 0.020472 0.014627 2.8037e-08 0.19367
1 0.1 0.01 0.025472 0.024547 5.2328e-08 0.17456
1 0.1 0.01 0.027972 0.030977 1.1537e-07 0.16694
1 0.1 0.01 0.030472 0.038377 -1.2087e-07 0.15999
1 0.1 0.01 0.032972 0.031095 -1.6448e-07 0.15398
1 0.1 0.01 0.035472 0.024776 -1.9554e-07 0.1484
1 0.1 0.01 0.040472 0.015016 -2.3747e-07 0.13888
1 0.1 0.01 0.045472 0.0085106 -2.4615e-07 0.1309
1 0.1 0.01 0.050472 0.0044966 -2.4515e-07 0.12407
1 0.1 0.05 0 0.0006776 1.138e-07 0
1 0.1 0.05 0.010472 0.0039548 -8.6319e-08 0.25935
1 0.1 0.05 0.015472 0.0079122 -1.3882e-07 0.21882
1 0.1 0.05 0.020472 0.014495 -7.7135e-08 0.19281
1 0.1 0.05 0.025472 0.024465 -3.0768e-09 0.17416
1 0.1 0.05 0.027972 0.030926 7.601e-08 0.16671
1 0.1 0.05 0.030472 0.03836 -7.161e-08 0.15992
1 0.1 0.05 0.032972 0.031113 -1.2456e-07 0.15406
1 0.1 0.05 0.035472 0.02482 -1.4895e-07 0.14858
1 0.1 0.05 0.040472 0.015099 -2.3248e-07 0.13926
1 0.1 0.05 0.045472 0.0086039 -3.1277e-07 0.13141
1 0.1 0.05 0.050472 0.0045955 -2.7463e-07 0.12481
0 1 -0.05 0 0.00081137 1.3689e-07 0
0 1 -0.05 0.010472 0.0042662 9.1531e-08 0.26482
0 1 -0.05 0.015472 0.0082653 7.8757e-08 0.22231
0 1 -0.05 0.020472 0.014811 8.5794e-08 0.19486
0 1 -0.05 0.025472 0.024668 1.157e-07 0.17516
0 1 -0.05 0.027972 0.030974 5.7638e-08 0.16693
0 1 -0.05 0.030472 0.038401 -1.6193e-07 0.1601
0 1 -0.05 0.032972 0.03099 -1.8694e-07 0.15355
0 1 -0.05 0.035472 0.024699 -2.1078e-07 0.14807
0 1 -0.05 0.040472 0.014862 -2.477e-07 0.13819
0 1 -0.05 0.045472 0.0083242 -2.6635e-07 0.12987
0 1 -0.05 0.050472 0.0043201 -2.6149e-07 0.12274
0 1 -0.01 0 0.00076561 1.4335e-07 0
0 1 -0.01 0.010472 0.0041489 -4.7373e-08 0.26278
0 1 -0.01 0.015472 0.0081365 -4.7228e-08 0.22104
0 1 -0.01 0.020472 0.014696 -1.3181e-08 0.19411
0 1 -0.01 0.025472 0.024593 4.9606e-08 0.17479
0 1 -0.01 0.027972 0.031009 1.3157e-07 0.16709
0 1 -0.01 0.030472 0.038384 -1.308e-07 0.16003
0 1 -0.01 0.032972 0.031087 -1.81e-07 0.15395
0 1 -0.01 0.035472 0.02474 -2.1814e-07 0.14825
0 1 -0.01 0.040472 0.014945 -2.9774e-07 0.13856
0 1 -0.01 0.045472 0.0084219 -3.5504e-07 0.13041
0 1 -0.01 0.050472 0.0044102 -3.7961e-07 0.12343
0 1 0 0 0.00075655 1.4382e-07 0
0 1 0 0.010472 0.0041362 1.9115e-09 0.26256
0 1 0 0.015472 0.0081173 -6.9774e-08 0.22085
0 1 0 0.020472 0.014674 -8.6336e-08 0.19397
0 1 0 0.025472 0.024576 -2.5148e-08 0.17471
0 1 0 0.027972 0.031025 1.2939e-07 0.16716
0 1 0 0.030472 0.038381 -9.6822e-08 0.16001
0 1 0 0.032972 0.031118 -1.79e-07 0.15408
0 1 0 0.035472 0.024756 -2.2836e-07 0.14831
0 1 0 0.040472 0.014979 -3.1572e-07 0.13872
0 1 0 0.045472 0.0084668 -3.3513e-07 0.13066
0 1 0 0.050472 0.0044562 -3.0022e-07 0.12377
0 1 0.01 0 0.00073928 1.4441e-07 0
0 1 0.01 0.010472 0.0041077 8.7878e-08 0.26205
0 1 0.01 0.015472 0.0080859 7.1557e-08 0.22054
0 1 0.01 0.020472 0.014646 4.1574e-08 0.19379
0 1 0.01 0.025472 0.024558 6.4218e-08 0.17462
0 1 0.01 0.027972 0.030982 1.2723e-07 0.16697
0 1 0.01 0.030472 0.038377 -1.3221e-07 0.15999
0 1 0.01 0.032972 0.03109 -1.7659e-07 0.15396
0 1 0.01 0.035472 0.024766 -2.0811e-07 0.14835
0 1 0.01 0.040472 0.014998 -2.5253e-07 0.1388
0 1 0.01 0.045472 0.0084896 -2.5954e-07 0.13078
0 1 0.01 0.050472 0.0044773 -2.5902e-07 0.12393
0 1 0.05 0 0.0006922 1.4245e-07 0
0 1 0.05 0.010472 0.0039883 -4.416e-08 0.25994
0 1 0.05 0.015472 0.0079477 -1.0942e-07 0.21918
0 1 0.05 0.020472 0.014526 -4.327e-08 0.19301
0 1 0.05 0.025472 0.024484 3.4821e-08 0.17425
0 1 0.05 0.027972 0.030935 1.1254e-07 0.16675
0 1 0.05 0.030472 0.038361 -1.1118e-07 0.15992
0 1 0.05 0.032972 0.031102 -1.6232e-07 0.15401
0 1 0.05 0.035472 0.024803 -1.8698e-07 0.14851
0 1 0.05 0.040472 0.015068 -2.6697e-07 0.13912
0 1 0.05 0.045472 0.0085686 -3.4422e-07 0.13122
0 1 0.05 0.050472 0.0045581 -3.3218e-07 0.12453
0.2 1 -0.05 0 0.00080405 -4.2391e-09 0
0.2 1 -0.05 0.010472 0.004251 -5.7584e-08 0.26456
0.2 1 -0.05 0.015472 0.0082487 -7.3106e-08 0.22214
0.2 1 -0.05 0.020472 0.014796 -6.8687e-08 0.19477
0.2 1 -0.05 0.025472 0.02466 -4.1351e-08 0.17512
0.2 1 -0.05 0.027972 0.03097 -1.0025e-07 0.16691
0.2 1 -0.05 0.030472 0.0384 -2.2223e-09 0.16009
0.2 1 -0.05 0.032972 0.030993 -2.6365e-08 0.15356
0.2 1 -0.05 0.035472 0.024707 -4.8259e-08 0.14811
0.2 1 -0.05 0.040472 0.014876 -8.2226e-08 0.13825
0.2 1 -0.05 0.045472 0.0083406 -9.7897e-08 0.12996
0.2 1 -0.05 0.050472 0.0043352 -9.0165e-08 0.12286
0.2 1 -0.01 0 0.00075234 2.7164e-07 0
0.2 1 -0.01 0.010472 0.0041217 7.1298e-08 0.2623
0.2 1 -0.01 0.015472 0.0081064 6.3784e-08 0.22074
0.2 1 -0.01 0.020472 0.014669 8.9518e-08 0.19394
0.2 1 -0.01 0.025472 0.024578 1.4407e-07 0.17471
0.2 1 -0.01 0.027972 0.031001 2.2284e-07 0.16705
0.2 1 -0.01 0.030472 0.038385 -2.1802e-07 0.16003
0.2 1 -0.01 0.032972 0.031096 -2.6487e-07 0.15399
0.2 1 -0.01 0.035472 0.024756 -2.9953e-07 0.14831
0.2 1 -0.01 0.040472 0.014971 -3.7427e-07 0.13868
0.2 1 -0.01 0.045472 0.0084521 -4.2668e-07 0.13058
0.2 1 -0.01 0.050472 0.0044381 -4.442e-07 0.12364
0.2 1 0 0 0.00074122 1.2496e-07 0
0.2 1 0 0.010472 0.0041028 -4.1278e-08 0.26197
0.2 1 0 0.015472 0.0080803 -1.1935e-07 0.22049
0.2 1 0 0.020472 0.014641 -1.4011e-07 0.19376
0.2 1 0 0.025472 0.024557 -8.2551e-08 0.17461
0.2 1 0 0.027972 0.031015 6.8588e-08 0.16711
0.2 1 0 0.030472 0.03838 -3.39e-08 0.16001
0.2 1 0 0.032972 0.031126 -1.1076e-07 0.15411
0.2 1 0 0.035472 0.024774 -1.5663e-07 0.14839
0.2 1 0 0.040472 0.015011 -2.327e-07 0.13886
0.2 1 0 0.045472 0.0085037 -2.4054e-07 0.13086
0.2 1 0 0.050472 0.0044902 -1.96e-07 0.12403
0.2 1 0.01 0 0.00072192 3.4694e-07 0
0.2 1 0.01 0.010472 0.0040693 2.7325e-07 0.26138
0.2 1 0.01 0.015472 0.0080433 2.4395e-07 0.22012
0.2 1 0.01 0.020472 0.014608 2.0804e-07 0.19354
0.2 1 0.01 0.025472 0.024536 2.2689e-07 0.17451
0.2 1 0.01 0.027972 0.03097 2.8641e-07 0.16691
0.2 1 0.01 0.030472 0.038378 -2.8885e-07 0.16
0.2 1 0.01 0.032972 0.031101 -3.2812e-07 0.15401
0.2 1 0.01 0.035472 0.024788 -3.551e-07 0.14845
0.2 1 0.01 0.040472 0.015036 -3.8734e-07 0.13897
0.2 1 0.01 0.045472 0.0085328 -3.9063e-07 0.13102
0.2 1 0.01 0.050472 0.0045169 -3.82e-07 0.12423
0.2 1 0.05 0 0.00066112 -3.9597e-07 0
0.2 1 0.05 0.010472 0.0039171 -6.4201e-07 0.25867
0.2 1 0.05 0.015472 0.0078721 -6.9655e-07 0.21843
0.2 1 0.05 0.020472 0.01446 -6.5431e-07 0.19258
0.2 1 0.05 0.025472 0.024444 -5.9991e-07 0.17406
0.2 1 0.05 0.027972 0.030916 -5.2798e-07 0.16667
0.2 1 0.05 0.030472 0.038356 5.4268e-07 0.1599
0.2 1 0.05 0.032972 0.031121 4.961e-07 0.15409
0.2 1 0.05 0.035472 0.024836 4.7906e-07 0.14865
0.2 1 0.05 0.040472 0.015129 4.0815e-07 0.13939
0.2 1 0.05 0.045472 0.0086426 3.5161e-07 0.13163
0.2 1 0.05 0.050472 0.0046336 4.1991e-07 0.12509
0.5 1 -0.05 0 0.00079319 1.4132e-07 0
0.5 1 -0.05 0.010472 0.0042283 9.0614e-08 0.26416
0.5 1 -0.05 0.015472 0.0082238 7.7972e-08 0.2219
0.5 1 -0.05 0.020472 0.014775 8.5471e-08 0.19463
0.5 1 -0.05 0.025472 0.024647 1.1595e-07 0.17506
0.5 1 -0.05 0.027972 0.030963 5.9191e-08 0.16688
0.5 1 -0.05 0.030472 0.038401 -1.6255e-07 0.1601
0.5 1 -0.05 0.032972 0.031001 -1.889e-07 0.15359
0.5 1 -0.05 0.035472 0.02472 -2.1136e-07 0.14816
0.5 1 -0.05 0.040472 0.014899 -2.4791e-07 0.13835
0.5 1 -0.05 0.045472 0.008366 -2.661e-07 0.1301
0.5 1 -0.05 0.050472 0.0043585 -2.6108e-07 0.12304
0.5 1 -0.01 0 0.00073272 1.4281e-07 0
0.5 1 -0.01 0.010472 0.004081 -3.5929e-08 0.26158
0.5 1 -0.01 0.015472 0.0080612 -3.7878e-08 0.2203
0.5 1 -0.01 0.020472 0.014629 -7.5579e-09 0.19368
0.5 1 -0.01 0.025472 0.024554 5.1745e-08 0.1746
0.5 1 -0.01 0.027972 0.030989 1.3326e-07 0.16699
0.5 1 -0.01 0.030472 0.038383 -1.32e-07 0.16002
0.5 1 -0.01 0.032972 0.031108 -1.8237e-07 0.15404
0.5 1 -0.01 0.035472 0.024777 -2.2195e-07 0.1484
0.5 1 -0.01 0.040472 0.015009 -3.0647e-07 0.13885
0.5 1 -0.01 0.045472 0.0084961 -3.6848e-07 0.13082
0.5 1 -0.01 0.050472 0.0044821 -3.7397e-07 0.12397
0.5 1 0 0 0.00071879 1.431e-07 0
0.5 1 0 0.010472 0.0040533 -2.0215e-08 0.26109
0.5 1 0 0.015472 0.0080253 -8.8593e-08 0.21994
0.5 1 0 0.020472 0.014593 -9.6305e-08 0.19344
0.5 1 0 0.025472 0.024529 -2.4995e-08 0.17447
0.5 1 0 0.027972 0.031 1.3038e-07 0.16704
0.5 1 0 0.030472 0.038381 -1.0213e-07 0.16001
0.5 1 0 0.032972 0.03114 -1.8046e-07 0.15417
0.5 1 0 0.035472 0.024803 -2.3046e-07 0.14851
0.5 1 0 0.040472 0.015059 -3.0888e-07 0.13908
0.5 1 0 0.045472 0.0085591 -3.1813e-07 0.13117
0.5 1 0 0.050472 0.0045413 -2.7833e-07 0.12441
0.5 1 0.01 0 0.00069652 1.4351e-07 0
0.5 1 0.01 0.010472 0.0040123 8.5337e-08 0.26037
0.5 1 0.01 0.015472 0.0079799 5.3344e-08 0.2195
0.5 1 0.01 0.020472 0.014552 3.1179e-08 0.19318
0.5 1 0.01 0.025472 0.024503 6.4171e-08 0.17435
0.5 1 0.01 0.027972 0.030953 1.2826e-07 0.16683
0.5 1 0.01 0.030472 0.038376 -1.367e-07 0.15999
0.5 1 0.01 0.032972 0.031115 -1.782e-07 0.15407
0.5 1 0.01 0.035472 0.02482 -2.0806e-07 0.14858
0.5 1 0.01 0.040472 0.01509 -2.4166e-07 0.13922
0.5 1 0.01 0.045472 0.0085957 -2.5934e-07 0.13137
0.5 1 0.01 0.050472 0.0045751 -2.5824e-07 0.12466
0.5 1 0.05 0 0.00061782 1.4121e-07 0
0.5 1 0.05 0.010472 0.0038154 -1.0085e-07 0.25684
0.5 1 0.05 0.015472 0.0077642 -8.9692e-08 0.21735
0.5 1 0.05 0.020472 0.014364 -3.949e-08 0.19195
0.5 1 0.05 0.025472 0.024388 2.5377e-08 0.17378
0.5 1 0.05 0.027972 0.03089 1.1427e-07 0.16655
0.5 1 0.05 0.030472 0.038359 -1.0148e-07 0.15992
0.5 1 0.05 0.032972 0.03116 -1.6545e-07 0.15426
0.5 1 0.05 0.035472 0.024895 -1.939e-07 0.14889
0.5 1 0.05 0.040472 0.015225 -3.0028e-07 0.13983
0.5 1 0.05 0.045472 0.008771 -3.2017e-07 0.13233
0.5 1 0.05 0.050472 0.0047502 -2.603e-07 0.12594
0.8 1 -0.05 0 0.00078225 -4.1465e-07 0
0.8 1 -0.05 0.010472 0.0042051 -4.9158e-07 0.26376
0.8 1 -0.05 0.015472 0.0081983 -5.1602e-07 0.22165
0.8 1 -0.05 0.020472 0.014752 -5.2011e-07 0.19448
0.8 1 -0.05 0.025472 0.024633 -5.0115e-07 0.17499
0.8 1 -0.05 0.027972 0.030956 -5.6294e-07 0.16685
0.8 1 -0.05 0.030472 0.038397 4.6622e-07 0.16008
0.8 1 -0.05 0.032972 0.031003 4.4498e-07 0.15361
0.8 1 -0.05 0.035472 0.024729 4.2931e-07 0.1482
0.8 1 -0.05 0.040472 0.014918 4.0486e-07 0.13844
0.8 1 -0.05 0.045472 0.008389 4.2849e-07 0.13023
0.8 1 -0.05 0.050472 0.0043801 4.1582e-07 0.1232
0.8 1 -0.01 0 0.00071353 3.1057e-07 0
0.8 1 -0.01 0.010472 0.0040406 8.9282e-08 0.26087
0.8 1 -0.01 0.015472 0.0080163 6.209e-08 0.21985
0.8 1 -0.01 0.020472 0.01459 6.6235e-08 0.19342
0.8 1 -0.01 0.025472 0.02453 9.967e-08 0.17448
0.8 1 -0.01 0.027972 0.030976 1.6806e-07 0.16694
0.8 1 -0.01 0.030472 0.038383 -1.5573e-07 0.16002
0.8 1 -0.01 0.032972 0.03112 -1.9431e-07 0.15409
0.8 1 -0.01 0.035472 0.024799 -2.2361e-07 0.14849
0.8 1 -0.01 0.040472 0.015047 -2.8726e-07 0.13903
0.8 1 -0.01 0.045472 0.0085405 -3.282e-07 0.13106
0.8 1 -0.01 0.050472 0.0045267 -2.908e-07 0.1243
0.8 1 0 0 0.00069686 -1.0125e-08 0
0.8 1 0 0.010472 0.0040039 -2.4134e-07 0.26022
0.8 1 0 0.015472 0.0079704 -3.3361e-07 0.2194
0.8 1 0 0.020472 0.014544 -3.6187e-07 0.19313
0.8 1 0 0.025472 0.0245 -3.1055e-07 0.17433
0.8 1 0 0.027972 0.030984 -1.6791e-07 0.16697
0.8 1 0 0.030472 0.038378 2.0663e-07 0.16
0.8 1 0 0.032972 0.031151 1.4367e-07 0.15422
0.8 1 0 0.035472 0.024829 1.0651e-07 0.14862
0.8 1 0 0.040472 0.015105 5.9776e-08 0.13929
0.8 1 0 0.045472 0.0086133 8.2175e-08 0.13146
0.8 1 0 0.050472 0.0045918 1.5088e-07 0.12478
0.8 1 0.01 0 0.00067197 4.7257e-07 0
0.8 1 0.01 0.010472 0.0039561 3.5521e-07 0.25937
0.8 1 0.01 0.015472 0.007917 2.8495e-07 0.21887
0.8 1 0.01 0.020472 0.014497 2.4124e-07 0.19282
0.8 1 0.01 0.025472 0.02447 2.5276e-07 0.17418
0.8 1 0.01 0.027972 0.030935 3.0316e-07 0.16675
0.8 1 0.01 0.030472 0.038377 -2.9988e-07 0.15999
0.8 1 0.01 0.032972 0.03113 -3.2568e-07 0.15413
0.8 1 0.01 0.035472 0.024852 -3.4029e-07 0.14871
0.8 1 0.01 0.040472 0.015145 -3.465e-07 0.13947
0.8 1 0.01 0.045472 0.0086594 -3.3625e-07 0.13172
0.8 1 0.01 0.050472 0.0046342 -3.0709e-07 0.12509
0.8 1 0.05 0 0.00057642 -1.5129e-06 0
0.8 1 0.05 0.010472 0.003719 -1.8713e-06 0.25508
0.8 1 0.05 0.015472 0.0076556 -1.9189e-06 0.21627
0.8 1 0.05 0.020472 0.014267 -1.9407e-06 0.19132
0.8 1 0.05 0.025472 0.02433 -1.9454e-06 0.17349
0.8 1 0.05 0.027972 0.030864 -1.8787e-06 0.16643
0.8 1 0.05 0.030472 0.038345 1.9289e-06 0.15986
0.8 1 0.05 0.032972 0.031182 1.8875e-06 0.15435
0.8 1 0.05 0.035472 0.024936 1.8854e-06 0.14906
0.8 1 0.05 0.040472 0.015321 1.8512e-06 0.14026
0.8 1 0.05 0.045472 0.0088871 1.9208e-06 0.13296
0.8 1 0.05 0.050472 0.0048581 2.016e-06 0.12673
1 1 -0.05 0 0.00077552 1.2103e-07 0
1 1 -0.05 0.010472 0.0041908 6.774e-08 0.26351
1 1 -0.05 0.015472 0.0081827 5.4741e-08 0.2215
1 1 -0.05 0.020472 0.014739 6.2215e-08 0.19439
1 1 -0.05 0.025472 0.024626 9.2786e-08 0.17495
1 1 -0.05 0.027972 0.030952 3.7023e-08 0.16683
1 1 -0.05 0.030472 0.038401 -1.3925e-07 0.1601
1 1 -0.05 0.032972 0.031011 -1.6672e-07 0.15364
1 1 -0.05 0.035472 0.024741 -1.8752e-07 0.14825
1 1 -0.05 0.040472 0.014934 -2.2322e-07 0.13852
1 1 -0.05 0.045472 0.008407 -2.4048e-07 0.13033
1 1 -0.05 0.050472 0.0043962 -2.3479e-07 0.12332
1 1 -0.01 0 0.00070157 8.5069e-08 0
1 1 -0.01 0.010472 0.0040156 -8.4621e-08 0.26043
1 1 -0.01 0.015472 0.0079887 -9.0867e-08 0.21958
1 1 -0.01 0.020472 0.014566 -6.648e-08 0.19327
1 1 -0.01 0.025472 0.024517 -1.2557e-08 0.17441
1 1 -0.01 0.027972 0.03097 6.6526e-08 0.16691
1 1 -0.01 0.030472 0.038383 -6.5262e-08 0.16002
1 1 -0.01 0.032972 0.031129 -1.1498e-07 0.15413
1 1 -0.01 0.035472 0.024815 -1.5646e-07 0.14856
1 1 -0.01 0.040472 0.015073 -2.4432e-07 0.13914
1 1 -0.01 0.045472 0.0085698 -3.0913e-07 0.13123
1 1 -0.01 0.050472 0.0045559 -2.807e-07 0.12452
1 1 0 0 0.00068308 6.8177e-08 0
1 1 0 0.010472 0.0039727 -1.2251e-07 0.25966
1 1 0 0.015472 0.0079355 -1.8944e-07 0.21906
1 1 0 0.020472 0.014514 -1.9012e-07 0.19293
1 1 0 0.025472 0.024482 -1.11e-07 0.17424
1 1 0 0.027972 0.030975 4.3444e-08 0.16693
1 1 0 0.030472 0.03838 -1.8382e-08 0.16
1 1 0 0.032972 0.031161 -9.1535e-08 0.15426
1 1 0 0.035472 0.024848 -1.4048e-07 0.1487
1 1 0 0.040472 0.015137 -2.0694e-07 0.13943
1 1 0 0.045472 0.0086494 -2.0453e-07 0.13166
1 1 0 0.050472 0.004625 -1.6025e-07 0.12503
1 1 0.01 0 0.00065646 4.6358e-08 0
1 1 0.01 0.010472 0.0039201 -2.0782e-08 0.25872
1 1 0.01 0.015472 0.0078768 -7.3858e-08 0.21847
1 1 0.01 0.020472 0.014461 -8.8979e-08 0.19259
1 1 0.01 0.025472 0.024449 -4.8923e-08 0.17408
1 1 0.01 0.027972 0.030923 1.3735e-08 0.1667
1 1 0.01 0.030472 0.038375 -2.4015e-08 0.15998
1 1 0.01 0.032972 0.031138 -6.0793e-08 0.15416
1 1 0.01 0.035472 0.024871 -8.6535e-08 0.14879
1 1 0.01 0.040472 0.015179 -1.1775e-07 0.13962
1 1 0.01 0.045472 0.008699 -1.3142e-07 0.13193
1 1 0.01 0.050472 0.0046711 -1.2636e-07 0.12537
1 1 0.05 0 0.00055221 -1.532e-07 0
1 1 0.05 0.010472 0.0036634 -3.9918e-07 0.25406
1 1 0.05 0.015472 0.0075922 -4.091e-07 0.21563
1 1 0.05 0.020472 0.014211 -3.9517e-07 0.19095
1 1 0.05 0.025472 0.024296 -3.5944e-07 0.17332
1 1 0.05 0.027972 0.03085 -2.6101e-07 0.16637
1 1 0.05 0.030472 0.038355 2.9442e-07 0.1599
1 1 0.05 0.032972 0.031216 2.2342e-07 0.15448
1 1 0.05 0.035472 0.024979 1.9459e-07 0.14924
1 1 0.05 0.040472 0.015401 1.3277e-07 0.14062
1 1 0.05 0.045472 0.0089729 1.6959e-07 0.13342
1 1 0.05 0.050472 0.0049354 1.9276e-07 0.12728
0 2 -0.05 0 0.00081137 1.3689e-07 0
0 2 -0.05 0.010472 0.0042662 9.1531e-08 0.26482
0 2 -0.05 0.015472 0.0082653 7.8757e-08 0.22231
0 2 -0.05 0.020472 0.014811 8.5794e-08 0.19486
0 2 -0.05 0.025472 0.024668 1.157e-07 0.17516
0 2 -0.05 0.027972 0.030974 5.7638e-08 0.16693
0 2 -0.05 0.030472 0.038401 -1.6193e-07 0.1601
0 2 -0.05 0.032972 0.03099 -1.8694e-07 0.15355
0 2 -0.05 0.035472 0.024699 -2.1078e-07 0.14807
0 2 -0.05 0.040472 0.014862 -2.477e-07 0.13819
0 2 -0.05 0.045472 0.0083242 -2.6635e-07 0.12987
0 2 -0.05 0.050472 0.0043201 -2.6149e-07 0.12274
0 2 -0.01 0 0.00076561 1.4335e-07 0
0 2 -0.01 0.010472 0.0041489 -4.7373e-08 0.26278
0 2 -0.01 0.015472 0.0081365 -4.7228e-08 0.22104
0 2 -0.01 0.020472 0.014696 -1.3181e-08 0.19411
0 2 -0.01 0.025472 0.024593 4.9606e-08 0.17479
0 2 -0.01 0.027972 0.031009 1.3157e-07 0.16709
0 2 -0.01 0.030472 0.038384 -1.308e-07 0.16003
0 2 -0.01 0.032972 0.031087 -1.81e-07 0.15395
0 2 -0.01 0.035472 0.02474 -2.1814e-07 0.14825
0 2 -0.01 0.040472 0.014945 -2.9774e-07 0.13856
0 2 -0.01 0.045472 0.0084219 -3.5504e-07 0.13041
0 2 -0.01 0.050472 0.0044102 -3.7961e-07 0.12343
0 2 0 0 0.00075655 1.4382e-07 0
0 2 0 0.010472 0.0041362 1.9115e-09 0.26256
0 2 0 0.015472 0.0081173 -6.9774e-08 0.22085
0 2 0 0.020472 0.014674 -8.6336e-08 0.19397
0 2 0 0.025472 0.024576 -2.5148e-08 0.17471
0 2 0 0.027972 0.031025 1.2939e-07 0.16716
0 2 0 0.030472 0.038381 -9.6822e-08 0.16001
0 2 0 0.032972 0.031118 -1.79e-07 0.15408
0 2 0 0.035472 0.024756 -2.2836e-07 0.14831
0 2 0 0.040472 0.014979 -3.1572e-07 0.13872
0 2 0 0.045472 0.0084668 -3.3513e-07 0.13066
0 2 0 0.050472 0.0044562 -3.0022e-07 0.12377
0 2 0.01 0 0.00073928 1.4441e-07 0
0 2 0.01 0.010472 0.0041077 8.7878e-08 0.26205
0 2 0.01 0.015472 0.0080859 7.1557e-08 0.22054
0 2 0.01 0.020472 0.014646 4.1574e-08 0.19379
0 2 0.01 0.025472 0.024558 6.4218e-08 0.17462
0 2 0.01 0.027972 0.030982 1.2723e-07 0.16697
0 2 0.01 0.030472 0.038377 -1.3221e-07 0.15999
0 2 0.01 0.032972 0.03109 -1.7659e-07 0.15396
0 2 0.01 0.035472 0.024766 -2.0811e-07 0.14835
0 2 0.01 0.040472 0.014998 -2.5253e-07 0.1388
0 2 0.01 0.045472 0.0084896 -2.5954e-07 0.13078
0 2 0.01 0.050472 0.0044773 -2.5902e-07 0.12393
0 2 0.05 0 0.0006922 1.4245e-07 0
0 2 0.05 0.010472 0.0039883 -4.416e-08 0.25994
0 2 0.05 0.015472 0.0079477 -1.0942e-07 0.21918
0 2 0.05 0.020472 0.014526 -4.327e-08 0.19301
0 2 0.05 0.025472 0.024484 3.4821e-08 0.17425
0 2 0.05 0.027972 0.030935 1.1254e-07 0.16675
0 2 0.05 0.030472 0.038361 -1.1118e-07 0.15992
0 2 0.05 0.032972 0.031102 -1.6232e-07 0.15401
0 2 0.05 0.035472 0.024803 -1.8698e-07 0.14851
0 2 0.05 0.040472 0.015068 -2.6697e-07 0.13912
0 2 0.05 0.045472 0.0085686 -3.4422e-07 0.13122
0 2 0.05 0.050472 0.0045581 -3.3218e-07 0.12453
0.2 2 -0.05 0 0.00079662 -8.8031e-08 0
0.2 2 -0.05 0.010472 0.0042355 -1.454e-07 0.26429
0.2 2 -0.05 0.015472 0.0082317 -1.618e-07 0.22198
0.2 2 -0.05 0.020472 0.014781 -1.5812e-07 0.19467
0.2 2 -0.05 0.025472 0.024651 -1.3148e-07 0.17508
0.2 2 -0.05 0.027972 0.030965 -1.9028e-07 0.16689
0.2 2 -0.05 0.030472 0.0384 8.8685e-08 0.16009
0.2 2 -0.05 0.032972 0.030997 6.4469e-08 0.15358
0.2 2 -0.05 0.035472 0.024715 4.3595e-08 0.14814
0.2 2 -0.05 0.040472 0.014891 1.0701e-08 0.13832
0.2 2 -0.05 0.045472 0.008357 -3.8606e-09 0.13005
0.2 2 -0.05 0.050472 0.0043503 4.8652e-09 0.12297
0.2 2 -0.01 0 0.00073875 4.9341e-07 0
0.2 2 -0.01 0.010472 0.0040937 2.9628e-07 0.26181
0.2 2 -0.01 0.015472 0.0080754 2.8724e-07 0.22044
0.2 2 -0.01 0.020472 0.014642 3.1077e-07 0.19376
0.2 2 -0.01 0.025472 0.024561 3.6316e-07 0.17463
0.2 2 -0.01 0.027972 0.030992 4.4103e-07 0.16701
0.2 2 -0.01 0.030472 0.038385 -4.3595e-07 0.16003
0.2 2 -0.01 0.032972 0.031106 -4.8246e-07 0.15403
0.2 2 -0.01 0.035472 0.024772 -5.1773e-07 0.14838
0.2 2 -0.01 0.040472 0.014998 -5.9377e-07 0.1388
0.2 2 -0.01 0.045472 0.0084826 -6.4744e-07 0.13075
0.2 2 -0.01 0.050472 0.0044683 -6.5095e-07 0.12386
0.2 2 0 0 0.00072556 3.6991e-07 0
0.2 2 0 0.010472 0.0040685 1.9504e-07 0.26136
0.2 2 0 0.015472 0.0080424 1.1824e-07 0.22011
0.2 2 0 0.020472 0.014608 1.0104e-07 0.19354
0.2 2 0 0.025472 0.024538 1.627e-07 0.17452
0.2 2 0 0.027972 0.031004 3.1426e-07 0.16707
0.2 2 0 0.030472 0.038382 -2.8127e-07 0.16001
0.2 2 0 0.032972 0.031137 -3.5663e-07 0.15416
0.2 2 0 0.035472 0.024795 -4.0274e-07 0.14847
0.2 2 0 0.040472 0.015044 -4.7537e-07 0.13901
0.2 2 0 0.045472 0.0085421 -4.7873e-07 0.13107
0.2 2 0 0.050472 0.0045253 -4.3209e-07 0.12429
0.2 2 0.01 0 0.00070399 5.9734e-07 0
0.2 2 0.01 0.010472 0.0040296 5.2157e-07 0.26068
0.2 2 0.01 0.015472 0.0079993 4.8445e-07 0.21969
0.2 2 0.01 0.020472 0.014569 4.5168e-07 0.19329
0.2 2 0.01 0.025472 0.024513 4.7406e-07 0.1744
0.2 2 0.01 0.027972 0.030958 5.3385e-07 0.16686
0.2 2 0.01 0.030472 0.038379 -5.3726e-07 0.16
0.2 2 0.01 0.032972 0.031113 -5.7511e-07 0.15406
0.2 2 0.01 0.035472 0.024812 -6.0108e-07 0.14854
0.2 2 0.01 0.040472 0.015074 -6.2814e-07 0.13915
0.2 2 0.01 0.045472 0.0085769 -6.352e-07 0.13126
0.2 2 0.01 0.050472 0.0045573 -6.2567e-07 0.12453
0.2 2 0.05 0 0.00062731 -8.5313e-07 0
0.2 2 0.05 0.010472 0.0038397 -1.1405e-06 0.25728
0.2 2 0.05 0.015472 0.0077897 -1.1737e-06 0.21761
0.2 2 0.05 0.020472 0.014387 -1.1463e-06 0.1921
0.2 2 0.05 0.025472 0.024402 -1.1061e-06 0.17384
0.2 2 0.05 0.027972 0.030896 -1.0361e-06 0.16657
0.2 2 0.05 0.030472 0.038352 1.0592e-06 0.15989
0.2 2 0.05 0.032972 0.031143 1.0129e-06 0.15418
0.2 2 0.05 0.035472 0.024874 9.9951e-07 0.1488
0.2 2 0.05 0.040472 0.015194 9.2709e-07 0.13969
0.2 2 0.05 0.045472 0.0087302 9.1506e-07 0.1321
0.2 2 0.05 0.050472 0.0047137 1e-06 0.12568
0.5 2 -0.05 0 0.00077501 1.4209e-07 0
0.5 2 -0.05 0.010472 0.0041899 8.9821e-08 0.26349
0.5 2 -0.05 0.015472 0.0081817 7.7316e-08 0.22149
0.5 2 -0.05 0.020472 0.014738 8.5289e-08 0.19439
0.5 2 -0.05 0.025472 0.024625 1.1636e-07 0.17495
0.5 2 -0.05 0.027972 0.030952 6.0904e-08 0.16683
0.5 2 -0.05 0.030472 0.038401 -1.6331e-07 0.1601
0.5 2 -0.05 0.032972 0.031011 -1.9104e-07 0.15364
0.5 2 -0.05 0.035472 0.024741 -2.1207e-07 0.14825
0.5 2 -0.05 0.040472 0.014935 -2.4825e-07 0.13852
0.5 2 -0.05 0.045472 0.0084077 -2.66e-07 0.13033
0.5 2 -0.05 0.050472 0.0043967 -2.608e-07 0.12332
0.5 2 -0.01 0 0.00070005 1.4224e-07 0
0.5 2 -0.01 0.010472 0.0040127 -2.356e-08 0.26038
0.5 2 -0.01 0.015472 0.0079858 -2.7828e-08 0.21955
0.5 2 -0.01 0.020472 0.014563 -1.6062e-09 0.19325
0.5 2 -0.01 0.025472 0.024516 5.3952e-08 0.17441
0.5 2 -0.01 0.027972 0.030969 1.3356e-07 0.16691
0.5 2 -0.01 0.030472 0.038384 -1.333e-07 0.16002
0.5 2 -0.01 0.032972 0.03113 -1.8376e-07 0.15413
0.5 2 -0.01 0.035472 0.024816 -2.2609e-07 0.14856
0.5 2 -0.01 0.040472 0.015075 -3.1573e-07 0.13915
0.5 2 -0.01 0.045472 0.0085717 -3.825e-07 0.13124
0.5 2 -0.01 0.050472 0.0045576 -3.5512e-07 0.12453
0.5 2 0 0 0.00068104 1.424e-07 0
0.5 2 0 0.010472 0.0039687 -4.3553e-08 0.25959
0.5 2 0 0.015472 0.0079314 -1.0828e-07 0.21901
0.5 2 0 0.020472 0.01451 -1.065e-07 0.19291
0.5 2 0 0.025472 0.02448 -2.4639e-08 0.17423
0.5 2 0 0.027972 0.030974 1.3149e-07 0.16693
0.5 2 0 0.030472 0.03838 -1.0754e-07 0.16001
0.5 2 0 0.032972 0.031163 -1.8203e-07 0.15427
0.5 2 0 0.035472 0.024851 -2.3227e-07 0.1487
0.5 2 0 0.040472 0.01514 -3.0107e-07 0.13944
0.5 2 0 0.045472 0.0086522 -3.0079e-07 0.13168
0.5 2 0 0.050472 0.0046273 -2.5942e-07 0.12504
0.5 2 0.01 0 0.0006537 1.4268e-07 0
0.5 2 0.01 0.010472 0.0039147 8.2744e-08 0.25863
0.5 2 0.01 0.015472 0.0078711 3.2271e-08 0.21842
0.5 2 0.01 0.020472 0.014456 2.0526e-08 0.19256
0.5 2 0.01 0.025472 0.024446 6.4372e-08 0.17407
0.5 2 0.01 0.027972 0.030922 1.2946e-07 0.16669
0.5 2 0.01 0.030472 0.038376 -1.4125e-07 0.15999
0.5 2 0.01 0.032972 0.03114 -1.7996e-07 0.15417
0.5 2 0.01 0.035472 0.024874 -2.0751e-07 0.1488
0.5 2 0.01 0.040472 0.015183 -2.4207e-07 0.13964
0.5 2 0.01 0.045472 0.0087029 -2.5919e-07 0.13195
0.5 2 0.01 0.050472 0.0046743 -2.576e-07 0.12539
0.5 2 0.05 0 0.00054189 1.3917e-07 0
0.5 2 0.05 0.010472 0.0036407 -7.6287e-08 0.25364
0.5 2 0.05 0.015472 0.0075682 -6.8002e-08 0.21539
0.5 2 0.05 0.020472 0.014191 -3.7093e-08 0.19082
0.5 2 0.05 0.025472 0.024285 1.3288e-08 0.17327
0.5 2 0.05 0.027972 0.030843 1.1554e-07 0.16634
0.5 2 0.05 0.030472 0.038357 -9.1319e-08 0.15991
0.5 2 0.05 0.032972 0.031222 -1.6814e-07 0.15451
0.5 2 0.05 0.035472 0.02499 -2.0436e-07 0.14928
0.5 2 0.05 0.040472 0.015417 -2.8132e-07 0.14069
0.5 2 0.05 0.045472 0.0089904 -2.5771e-07 0.13352
0.5 2 0.05 0.050472 0.0049506 -2.5133e-07 0.12739
0.8 2 -0.05 0 0.00075369 -5.7346e-07 0
0.8 2 -0.05 0.010472 0.0041441 -6.5304e-07 0.26269
0.8 2 -0.05 0.015472 0.0081313 -6.7812e-07 0.22099
0.8 2 -0.05 0.020472 0.014694 -6.823e-07 0.1941
0.8 2 -0.05 0.025472 0.024599 -6.6326e-07 0.17482
0.8 2 -0.05 0.027972 0.030938 -7.2341e-07 0.16677
0.8 2 -0.05 0.030472 0.038396 6.286e-07 0.16007
0.8 2 -0.05 0.032972 0.031019 6.0555e-07 0.15367
0.8 2 -0.05 0.035472 0.024762 5.9264e-07 0.14834
0.8 2 -0.05 0.040472 0.014975 5.6964e-07 0.1387
0.8 2 -0.05 0.045472 0.008455 5.6518e-07 0.13059
0.8 2 -0.05 0.050472 0.004441 5.8333e-07 0.12366
0.8 2 -0.01 0 0.00066323 9.3407e-07 0
0.8 2 -0.01 0.010472 0.0039337 7.3523e-07 0.25897
0.8 2 -0.01 0.015472 0.0078977 7.1251e-07 0.21868
0.8 2 -0.01 0.020472 0.014486 7.0101e-07 0.19275
0.8 2 -0.01 0.025472 0.02447 7.286e-07 0.17418
0.8 2 -0.01 0.027972 0.030946 7.9586e-07 0.1668
0.8 2 -0.01 0.030472 0.038387 -7.8402e-07 0.16004
0.8 2 -0.01 0.032972 0.03116 -8.2303e-07 0.15425
0.8 2 -0.01 0.035472 0.024865 -8.5747e-07 0.14877
0.8 2 -0.01 0.040472 0.015155 -9.3018e-07 0.13951
0.8 2 -0.01 0.045472 0.0086683 -9.5691e-07 0.13177
0.8 2 -0.01 0.050472 0.004649 -8.8754e-07 0.1252
0.8 2 0 0 0.00063914 7.9375e-07 0
0.8 2 0 0.010472 0.0038716 5.2849e-07 0.25785
0.8 2 0 0.015472 0.0078225 4.4527e-07 0.21793
0.8 2 0 0.020472 0.014415 4.4303e-07 0.19229
0.8 2 0 0.025472 0.024423 5.0611e-07 0.17395
0.8 2 0 0.027972 0.030943 6.4993e-07 0.16679
0.8 2 0 0.030472 0.038383 -6.1939e-07 0.16002
0.8 2 0 0.032972 0.031192 -6.7688e-07 0.15439
0.8 2 0 0.035472 0.024909 -7.1461e-07 0.14895
0.8 2 0 0.040472 0.015238 -7.4718e-07 0.13988
0.8 2 0 0.045472 0.0087641 -7.1166e-07 0.13229
0.8 2 0 0.050472 0.004731 -6.6715e-07 0.1258
0.8 2 0.01 0 0.00060698 1.1658e-06 0
0.8 2 0.01 0.010472 0.0038036 1.0217e-06 0.25662
0.8 2 0.01 0.015472 0.0077459 9.4734e-07 0.21717
0.8 2 0.01 0.020472 0.014345 9.2285e-07 0.19183
0.8 2 0.01 0.025472 0.02438 9.5292e-07 0.17374
0.8 2 0.01 0.027972 0.030885 1.0039e-06 0.16653
0.8 2 0.01 0.030472 0.038379 -1.0066e-06 0.16
0.8 2 0.01 0.032972 0.031173 -1.0281e-06 0.15431
0.8 2 0.01 0.035472 0.024942 -1.0387e-06 0.14908
0.8 2 0.01 0.040472 0.015295 -1.0486e-06 0.14014
0.8 2 0.01 0.045472 0.0088312 -1.0375e-06 0.13265
0.8 2 0.01 0.050472 0.0047932 -1.0082e-06 0.12626
0.8 2 0.05 0 0.00046698 -2.7597e-06 0
0.8 2 0.05 0.010472 0.0034594 -3.0929e-06 0.25025
0.8 2 0.05 0.015472 0.007359 -3.1966e-06 0.21327
0.8 2 0.05 0.020472 0.014003 -3.2827e-06 0.18959
0.8 2 0.05 0.025472 0.024174 -3.3342e-06 0.17272
0.8 2 0.05 0.027972 0.030797 -3.2487e-06 0.16613
0.8 2 0.05 0.030472 0.038335 3.3306e-06 0.15981
0.8 2 0.05 0.032972 0.031276 3.2782e-06 0.15473
0.8 2 0.05 0.035472 0.025113 3.2832e-06 0.14979
0.8 2 0.05 0.040472 0.015626 3.3398e-06 0.14163
0.8 2 0.05 0.045472 0.0092272 3.4089e-06 0.13479
0.8 2 0.05 0.050472 0.0051704 3.494e-06 0.12895
1 2 -0.05 0 0.00074042 1.0077e-07 0
1 2 -0.05 0.010472 0.0041155 4.5485e-08 0.26219
1 2 -0.05 0.015472 0.0080998 3.2331e-08 0.22068
1 2 -0.05 0.020472 0.014666 4.0331e-08 0.19392
1 2 -0.05 0.025472 0.024583 7.1642e-08 0.17474
1 2 -0.05 0.027972 0.030929 1.8149e-08 0.16673
1 2 -0.05 0.030472 0.038401 -1.1839e-07 0.16009
1 2 -0.05 0.032972 0.031031 -1.485e-07 0.15372
1 2 -0.05 0.035472 0.024783 -1.6611e-07 0.14842
1 2 -0.05 0.040472 0.015006 -2.0063e-07 0.13884
1 2 -0.05 0.045472 0.0084896 -2.1533e-07 0.13078
1 2 -0.05 0.050472 0.0044724 -2.1009e-07 0.12389
1 2 -0.01 0 0.00064004 3.0973e-08 0
1 2 -0.01 0.010472 0.003883 -1.1448e-07 0.25806
1 2 -0.01 0.015472 0.0078409 -1.2818e-07 0.21812
1 2 -0.01 0.020472 0.014435 -1.1466e-07 0.19242
1 2 -0.01 0.025472 0.02444 -6.9866e-08 0.17403
1 2 -0.01 0.027972 0.030931 6.7283e-09 0.16673
1 2 -0.01 0.030472 0.038382 -5.5654e-09 0.16002
1 2 -0.01 0.032972 0.031172 -5.4782e-08 0.1543
1 2 -0.01 0.035472 0.02489 -1.0203e-07 0.14887
1 2 -0.01 0.040472 0.015201 -1.9882e-07 0.13972
1 2 -0.01 0.045472 0.0087282 -2.2744e-07 0.13209
1 2 -0.01 0.050472 0.0047052 -1.7549e-07 0.12562
1 2 0 0 0.00061292 -2.0953e-09 0
1 2 0 0.010472 0.0038093 -2.4621e-07 0.25673
1 2 0 0.015472 0.0077548 -2.8982e-07 0.21726
1 2 0 0.020472 0.014356 -2.6854e-07 0.1919
1 2 0 0.025472 0.024386 -1.8833e-07 0.17377
1 2 0 0.027972 0.030924 -3.5064e-08 0.1667
1 2 0 0.030472 0.038378 5.2251e-08 0.16
1 2 0 0.032972 0.031204 -1.1803e-08 0.15444
1 2 0 0.035472 0.024941 -5.8625e-08 0.14908
1 2 0 0.040472 0.015295 -1.031e-07 0.14014
1 2 0 0.045472 0.0088321 -8.0672e-08 0.13266
1 2 0 0.050472 0.0047952 -6.8817e-08 0.12627
1 2 0.01 0 0.00057804 -4.5407e-08 0
1 2 0.01 0.010472 0.0037327 -1.6895e-07 0.25533
1 2 0.01 0.015472 0.0076658 -2.1725e-07 0.21637
1 2 0.01 0.020472 0.014274 -2.1103e-07 0.19137
1 2 0.01 0.025472 0.024338 -1.5137e-07 0.17353
1 2 0.01 0.027972 0.030863 -9.0579e-08 0.16642
1 2 0.01 0.030472 0.038372 7.4848e-08 0.15997
1 2 0.01 0.032972 0.031185 4.5401e-08 0.15436
1 2 0.01 0.035472 0.024977 2.4584e-08 0.14923
1 2 0.01 0.040472 0.01536 -5.1661e-09 0.14044
1 2 0.01 0.045472 0.0089082 -1.3903e-08 0.13307
1 2 0.01 0.050472 0.0048663 4.136e-09 0.12679
1 2 0.05 0 0.00042319 -5.016e-07 0
1 2 0.05 0.010472 0.0033477 -6.5254e-07 0.24812
1 2 0.05 0.015472 0.0072269 -7.289e-07 0.21193
1 2 0.05 0.020472 0.01388 -7.9067e-07 0.18878
1 2 0.05 0.025472 0.024092 -8.0108e-07 0.17231
1 2 0.05 0.027972 0.030756 -6.613e-07 0.16594
1 2 0.05 0.030472 0.038351 7.0101e-07 0.15988
1 2 0.05 0.032972 0.031319 6.359e-07 0.15491
1 2 0.05 0.035472 0.025205 6.2031e-07 0.15017
1 2 0.05 0.040472 0.015763 6.1976e-07 0.14224
1 2 0.05 0.045472 0.009378 6.3478e-07 0.1356
1 2 0.05 0.050472 0.0053087 6.6692e-07 0.12992
0 3 -0.05 0 0.00081137 1.3689e-07 0
0 3 -0.05 0.010472 0.0042662 9.1531e-08 0.26482
0 3 -0.05 0.015472 0.0082653 7.8757e-08 0.22231
0 3 -0.05 0.020472 0.014811 8.5794e-08 0.19486
0 3 -0.05 0.025472 0.024668 1.157e-07 0.17516
0 3 -0.05 0.027972 0.030974 5.7638e-08 0.16693
0 3 -0.05 0.030472 0.038401 -1.6193e-07 0.1601
0 3 -0.05 0.032972 0.03099 -1.8694e-07 0.15355
0 3 -0.05 0.035472 0.024699 -2.1078e-07 0.14807
0 3 -0.05 0.040472 0.014862 -2.477e-07 0.13819
0 3 -0.05 0.045472 0.0083242 -2.6635e-07 0.12987
0 3 -0.05 0.050472 0.0043201 -2.6149e-07 0.12274
0 3 -0.01 0 0.00076561 1.4335e-07 0
0 3 -0.01 0.010472 0.0041489 -4.7373e-08 0.26278
0 3 -0.01 0.015472 0.0081365 -4.7228e-08 0.22104
0 3 -0.01 0.020472 0.014696 -1.3181e-08 0.19411
0 3 -0.01 0.025472 0.024593 4.9606e-08 0.17479
0 3 -0.01 0.027972 0.031009 1.3157e-07 0.16709
0 3 -0.01 0.030472 0.038384 -1.308e-07 0.16003
0 3 -0.01 0.032972 0.031087 -1.81e-07 0.15395
0 3 -0.01 0.035472 0.02474 -2.1814e-07 0.14825
0 3 -0.01 0.040472 0.014945 -2.9774e-07 0.13856
0 3 -0.01 0.045472 0.0084219 -3.5504e-07 0.13041
0 3 -0.01 0.050472 0.0044102 -3.7961e-07 0.12343
0 3 0 0 0.00075655 1.4382e-07 0
0 3 0 0.010472 0.0041362 1.9113e-09 0.26256
0 3 0 0.015472 0.0081173 -6.9775e-08 0.22085
0 3 0 0.020472 0.014674 -8.6336e-08 0.19397
0 3 0 0.025472 0.024576 -2.5148e-08 0.17471
0 3 0 0.027972 0.031025 1.2939e-07 0.16716
0 3 0 0.030472 0.038381 -9.6822e-08 0.16001
0 3 0 0.032972 0.031118 -1.79e-07 0.15408
0 3 0 0.035472 0.024756 -2.2836e-07 0.14831
0 3 0 0.040472 0.014979 -3.1572e-07 0.13872
0 3 0 0.045472 0.0084668 -3.3513e-07 0.13066
0 3 0 0.050472 0.0044562 -3.0022e-07 0.12377
0 3 0.01 0 0.00073928 1.4441e-07 0
0 3 0.01 0.010472 0.0041077 8.7878e-08 0.26205
0 3 0.01 0.015472 0.0080859 7.1556e-08 0.22054
0 3 0.01 0.020472 0.014646 4.1574e-08 0.19379
0 3 0.01 0.025472 0.024558 6.4218e-08 0.17462
0 3 0.01 0.027972 0.030982 1.2723e-07 0.16697
0 3 0.01 0.030472 0.038377 -1.3221e-07 0.15999
0 3 0.01 0.032972 0.03109 -1.7659e-07 0.15396
0 3 0.01 0.035472 0.024766 -2.0811e-07 0.14835
0 3 0.01 0.040472 0.014998 -2.5253e-07 0.1388
0 3 0.01 0.045472 0.0084896 -2.5954e-07 0.13078
0 3 0.01 0.050472 0.0044773 -2.5902e-07 0.12393
0 3 0.05 0 0.0006922 1.4245e-07 0
0 3 0.05 0.010472 0.0039883 -4.416e-08 0.25994
0 3 0.05 0.015472 0.0079477 -1.0942e-07 0.21918
0 3 0.05 0.020472 0.014526 -4.327e-08 0.19301
0 3 0.05 0.025472 0.024484 3.4821e-08 0.17425
0 3 0.05 0.027972 0.030935 1.1254e-07 0.16675
0 3 0.05 0.030472 0.038361 -1.1118e-07 0.15992
0 3 0.05 0.032972 0.031102 -1.6232e-07 0.15401
0 3 0.05 0.035472 0.024803 -1.8698e-07 0.14851
0 3 0.05 0.040472 0.015068 -2.6697e-07 0.13912
0 3 0.05 0.045472 0.0085686 -3.4422e-07 0.13122
0 3 0.05 0.050472 0.0045581 -3.3218e-07 0.12453
0.2 3 -0.05 0 0.00078908 -1.075e-07 0
0.2 3 -0.05 0.010472 0.0042198 -1.679e-07 0.26401
0.2 3 -0.05 0.015472 0.0082146 -1.847e-07 0.22181
0.2 3 -0.05 0.020472 0.014767 -1.8128e-07 0.19458
0.2 3 -0.05 0.025472 0.024642 -1.5487e-07 0.17503
0.2 3 -0.05 0.027972 0.030961 -2.1334e-07 0.16687
0.2 3 -0.05 0.030472 0.0384 1.1239e-07 0.16009
0.2 3 -0.05 0.032972 0.031001 8.7859e-08 0.1536
0.2 3 -0.05 0.035472 0.024723 6.7776e-08 0.14818
0.2 3 -0.05 0.040472 0.014905 3.5487e-08 0.13838
0.2 3 -0.05 0.045472 0.0083736 2.1554e-08 0.13014
0.2 3 -0.05 0.050472 0.0043656 3.0812e-08 0.12309
0.2 3 -0.01 0 0.0007248 3.6596e-07 0
0.2 3 -0.01 0.010472 0.0040648 1.7082e-07 0.2613
0.2 3 -0.01 0.015472 0.0080436 1.5968e-07 0.22012
0.2 3 -0.01 0.020472 0.014614 1.8038e-07 0.19358
0.2 3 -0.01 0.025472 0.024545 2.2996e-07 0.17455
0.2 3 -0.01 0.027972 0.030984 3.0645e-07 0.16697
0.2 3 -0.01 0.030472 0.038384 -3.0087e-07 0.16002
0.2 3 -0.01 0.032972 0.031113 -3.4662e-07 0.15406
0.2 3 -0.01 0.035472 0.024786 -3.8217e-07 0.14844
0.2 3 -0.01 0.040472 0.015024 -4.5871e-07 0.13892
0.2 3 -0.01 0.045472 0.0085124 -5.1291e-07 0.13091
0.2 3 -0.01 0.050472 0.0044981 -5.0233e-07 0.12408
0.2 3 0 0 0.0007093 2.2234e-07 0
0.2 3 0 0.010472 0.0040331 3.2868e-08 0.26074
0.2 3 0 0.015472 0.0080032 -4.5436e-08 0.21973
0.2 3 0 0.020472 0.014574 -6.1764e-08 0.19332
0.2 3 0 0.025472 0.024517 1.3886e-09 0.17442
0.2 3 0 0.027972 0.030994 1.5219e-07 0.16702
0.2 3 0 0.030472 0.03838 -1.1945e-07 0.16001
0.2 3 0 0.032972 0.031145 -1.9202e-07 0.15419
0.2 3 0 0.035472 0.024814 -2.3701e-07 0.14855
0.2 3 0 0.040472 0.015077 -3.0319e-07 0.13916
0.2 3 0 0.045472 0.0085796 -2.999e-07 0.13128
0.2 3 0 0.050472 0.0045598 -2.4845e-07 0.12454
0.2 3 0.01 0 0.00068525 4.2323e-07 0
0.2 3 0.01 0.010472 0.0039882 3.4192e-07 0.25994
0.2 3 0.01 0.015472 0.0079536 2.9482e-07 0.21924
0.2 3 0.01 0.020472 0.01453 2.6366e-07 0.19303
0.2 3 0.01 0.025472 0.02449 2.881e-07 0.17428
0.2 3 0.01 0.027972 0.030946 3.476e-07 0.1668
0.2 3 0.01 0.030472 0.038378 -3.5104e-07 0.16
0.2 3 0.01 0.032972 0.031123 -3.8676e-07 0.1541
0.2 3 0.01 0.035472 0.024834 -4.1087e-07 0.14863
0.2 3 0.01 0.040472 0.015112 -4.3327e-07 0.13932
0.2 3 0.01 0.045472 0.0086206 -4.403e-07 0.1315
0.2 3 0.01 0.050472 0.0045975 -4.2829e-07 0.12482
0.2 3 0.05 0 0.00059009 -9.1578e-07 0
0.2 3 0.05 0.010472 0.0037542 -1.229e-06 0.25572
0.2 3 0.05 0.015472 0.0076988 -1.2366e-06 0.2167
0.2 3 0.05 0.020472 0.014308 -1.2188e-06 0.19159
0.2 3 0.05 0.025472 0.024355 -1.1879e-06 0.17362
0.2 3 0.05 0.027972 0.030873 -1.1169e-06 0.16647
0.2 3 0.05 0.030472 0.038351 1.1451e-06 0.15988
0.2 3 0.05 0.032972 0.031169 1.0968e-06 0.15429
0.2 3 0.05 0.035472 0.024916 1.0829e-06 0.14898
0.2 3 0.05 0.040472 0.015266 1.0038e-06 0.14001
0.2 3 0.05 0.045472 0.0088247 1.0327e-06 0.13262
0.2 3 0.05 0.050472 0.0047996 1.1197e-06 0.1263
0.5 3 -0.05 0 0.00075687 1.4181e-07 0
0.5 3 -0.05 0.010472 0.0041513 8.9012e-08 0.26282
0.5 3 -0.05 0.015472 0.0081394 7.6651e-08 0.22107
0.5 3 -0.05 0.020472 0.014701 8.511e-08 0.19415
0.5 3 -0.05 0.025472 0.024603 1.1677e-07 0.17484
0.5 3 -0.05 0.027972 0.03094 6.2638e-08 0.16678
0.5 3 -0.05 0.030472 0.038401 -1.6409e-07 0.1601
0.5 3 -0.05 0.032972 0.031022 -1.9323e-07 0.15368
0.5 3 -0.05 0.035472 0.024763 -2.1279e-07 0.14834
0.5 3 -0.05 0.040472 0.014971 -2.486e-07 0.13868
0.5 3 -0.05 0.045472 0.0084494 -2.6589e-07 0.13056
0.5 3 -0.05 0.050472 0.0044351 -2.6053e-07 0.12361
0.5 3 -0.01 0 0.00066732 1.4164e-07 0
0.5 3 -0.01 0.010472 0.0039431 -1.0674e-08 0.25914
0.5 3 -0.01 0.015472 0.0079086 -1.7415e-08 0.21879
0.5 3 -0.01 0.020472 0.014496 4.4788e-09 0.19281
0.5 3 -0.01 0.025472 0.024476 5.6187e-08 0.17421
0.5 3 -0.01 0.027972 0.030949 1.346e-07 0.16681
0.5 3 -0.01 0.030472 0.038384 -1.3472e-07 0.16002
0.5 3 -0.01 0.032972 0.031152 -1.8517e-07 0.15422
0.5 3 -0.01 0.035472 0.024855 -2.3051e-07 0.14872
0.5 3 -0.01 0.040472 0.015141 -3.2532e-07 0.13945
0.5 3 -0.01 0.045472 0.008651 -3.8148e-07 0.13167
0.5 3 -0.01 0.050472 0.0046334 -3.3628e-07 0.12509
0.5 3 0 0 0.00064333 1.4169e-07 0
0.5 3 0 0.010472 0.0038826 -6.8303e-08 0.25805
0.5 3 0 0.015472 0.0078355 -1.2898e-07 0.21806
0.5 3 0 0.020472 0.014427 -1.0996e-07 0.19237
0.5 3 0 0.025472 0.02443 -2.4137e-08 0.17399
0.5 3 0 0.027972 0.030948 1.3263e-07 0.16681
0.5 3 0 0.030472 0.03838 -1.1299e-07 0.16001
0.5 3 0 0.032972 0.031186 -1.8363e-07 0.15436
0.5 3 0 0.035472 0.024899 -2.3369e-07 0.1489
0.5 3 0 0.040472 0.015222 -2.9261e-07 0.13981
0.5 3 0 0.045472 0.0087463 -2.8295e-07 0.13219
0.5 3 0 0.050472 0.0047145 -2.5887e-07 0.12568
0.5 3 0.01 0 0.00061083 1.4182e-07 0
0.5 3 0.01 0.010472 0.0038147 5.9836e-08 0.25682
0.5 3 0.01 0.015472 0.0077592 9.8987e-09 0.2173
0.5 3 0.01 0.020472 0.014358 9.502e-09 0.19191
0.5 3 0.01 0.025472 0.024388 6.4734e-08 0.17378
0.5 3 0.01 0.027972 0.030891 1.3072e-07 0.16655
0.5 3 0.01 0.030472 0.038374 -1.4574e-07 0.15998
0.5 3 0.01 0.032972 0.031166 -1.8177e-07 0.15428
0.5 3 0.01 0.035472 0.024929 -2.0631e-07 0.14903
0.5 3 0.01 0.040472 0.015277 -2.4291e-07 0.14006
0.5 3 0.01 0.045472 0.0088114 -2.5907e-07 0.13255
0.5 3 0.01 0.050472 0.0047749 -2.5697e-07 0.12612
0.5 3 0.05 0 0.00046446 1.3689e-07 0
0.5 3 0.05 0.010472 0.0034555 -3.4096e-08 0.25018
0.5 3 0.05 0.015472 0.0073584 -4.2738e-08 0.21327
0.5 3 0.05 0.020472 0.014006 -3.5825e-08 0.18961
0.5 3 0.05 0.025472 0.024178 -1.5505e-09 0.17274
0.5 3 0.05 0.027972 0.030796 1.1699e-07 0.16612
0.5 3 0.05 0.030472 0.038356 -8.1491e-08 0.15991
0.5 3 0.05 0.032972 0.03129 -1.7098e-07 0.15479
0.5 3 0.05 0.035472 0.02512 -2.0892e-07 0.14982
0.5 3 0.05 0.040472 0.015626 -2.4358e-07 0.14163
0.5 3 0.05 0.045472 0.0092226 -2.5071e-07 0.13477
0.5 3 0.05 0.050472 0.0051621 -2.4998e-07 0.12889
0.8 3 -0.05 0 0.00072545 -5.4005e-07 0
0.8 3 -0.05 0.010472 0.0040831 -6.2108e-07 0.26162
0.8 3 -0.05 0.015472 0.0080641 -6.4618e-07 0.22033
0.8 3 -0.05 0.020472 0.014635 -6.4983e-07 0.19372
0.8 3 -0.05 0.025472 0.024564 -6.3009e-07 0.17465
0.8 3 -0.05 0.027972 0.03092 -6.8837e-07 0.16668
0.8 3 -0.05 0.030472 0.038396 5.9513e-07 0.16007
0.8 3 -0.05 0.032972 0.031036 5.6985e-07 0.15374
0.8 3 -0.05 0.035472 0.024796 5.5953e-07 0.14848
0.8 3 -0.05 0.040472 0.015033 5.3739e-07 0.13896
0.8 3 -0.05 0.045472 0.0085217 5.339e-07 0.13096
0.8 3 -0.05 0.050472 0.0045026 5.5258e-07 0.12412
0.8 3 -0.01 0 0.00061385 5.4562e-07 0
0.8 3 -0.01 0.010472 0.0038257 3.6251e-07 0.25702
0.8 3 -0.01 0.015472 0.0077768 3.2232e-07 0.21748
0.8 3 -0.01 0.020472 0.014379 3.0783e-07 0.19205
0.8 3 -0.01 0.025472 0.024407 3.2539e-07 0.17387
0.8 3 -0.01 0.027972 0.030914 3.8933e-07 0.16666
0.8 3 -0.01 0.030472 0.038384 -3.7664e-07 0.16002
0.8 3 -0.01 0.032972 0.031192 -4.1381e-07 0.15439
0.8 3 -0.01 0.035472 0.024924 -4.5211e-07 0.14901
0.8 3 -0.01 0.040472 0.015258 -5.2958e-07 0.13997
0.8 3 -0.01 0.045472 0.0087981 -5.1293e-07 0.13247
0.8 3 -0.01 0.050472 0.0047694 -4.3377e-07 0.12608
0.8 3 0 0 0.00058267 1.2898e-07 0
0.8 3 0 0.010472 0.0037398 -1.7117e-07 0.25546
0.8 3 0 0.015472 0.0076784 -2.2817e-07 0.21649
0.8 3 0 0.020472 0.014288 -2.3701e-07 0.19145
0.8 3 0 0.025472 0.024344 -1.8651e-07 0.17356
0.8 3 0 0.027972 0.030902 -4.5892e-08 0.1666
0.8 3 0 0.030472 0.038378 7.2443e-08 0.16
0.8 3 0 0.032972 0.031223 2.4342e-08 0.15451
0.8 3 0 0.035472 0.024981 -8.8428e-09 0.14924
0.8 3 0 0.040472 0.015364 -1.9246e-08 0.14045
0.8 3 0 0.045472 0.0089106 2.5351e-08 0.13309
0.8 3 0 0.050472 0.0048681 5.8931e-08 0.1268
0.8 3 0.01 0 0.00054397 5.5411e-07 0
0.8 3 0.01 0.010472 0.0036497 3.4913e-07 0.2538
0.8 3 0.01 0.015472 0.0075725 2.8062e-07 0.21543
0.8 3 0.01 0.020472 0.014192 2.7199e-07 0.19083
0.8 3 0.01 0.025472 0.02429 3.1546e-07 0.17329
0.8 3 0.01 0.027972 0.030837 3.6327e-07 0.16631
0.8 3 0.01 0.030472 0.038375 -3.6833e-07 0.15999
0.8 3 0.01 0.032972 0.03121 -3.8254e-07 0.15446
0.8 3 0.01 0.035472 0.025026 -3.9007e-07 0.14943
0.8 3 0.01 0.040472 0.015442 -3.927e-07 0.1408
0.8 3 0.01 0.045472 0.0090009 -3.7428e-07 0.13357
0.8 3 0.01 0.050472 0.004952 -3.2931e-07 0.1274
0.8 3 0.05 0 0.00035946 -1.6598e-06 0
0.8 3 0.05 0.010472 0.0031781 -1.8372e-06 0.24483
0.8 3 0.05 0.015472 0.0070281 -1.9761e-06 0.20989
0.8 3 0.05 0.020472 0.013698 -2.1224e-06 0.18759
0.8 3 0.05 0.025472 0.023973 -2.1997e-06 0.17173
0.8 3 0.05 0.027972 0.030692 -2.0654e-06 0.16565
0.8 3 0.05 0.030472 0.038341 2.1116e-06 0.15984
0.8 3 0.05 0.032972 0.031346 2.0926e-06 0.15502
0.8 3 0.05 0.035472 0.025294 2.1097e-06 0.15054
0.8 3 0.05 0.040472 0.015916 2.1587e-06 0.14293
0.8 3 0.05 0.045472 0.0095552 2.2291e-06 0.13654
0.8 3 0.05 0.050472 0.0054752 2.3074e-06 0.13107
1 3 -0.05 0 0.00070609 8.1852e-08 0
1 3 -0.05 0.010472 0.0040403 2.4634e-08 0.26086
1 3 -0.05 0.015472 0.0080167 1.1392e-08 0.21986
1 3 -0.05 0.020472 0.014593 2.0007e-08 0.19345
1 3 -0.05 0.025472 0.02454 5.2136e-08 0.17453
1 3 -0.05 0.027972 0.030907 8.8911e-10 0.16662
1 3 -0.05 0.030472 0.0384 -9.9206e-08 0.16009
1 3 -0.05 0.032972 0.031052 -1.3199e-07 0.15381
1 3 -0.05 0.035472 0.024825 -1.4641e-07 0.1486
1 3 -0.05 0.040472 0.015078 -1.798e-07 0.13916
1 3 -0.05 0.045472 0.0085723 -1.9443e-07 0.13124
1 3 -0.05 0.050472 0.004549 -1.8726e-07 0.12446
1 3 -0.01 0 0.00058096 -3.3789e-08 0
1 3 -0.01 0.010472 0.0037512 -1.3656e-07 0.25567
1 3 -0.01 0.015472 0.0076928 -1.5899e-07 0.21664
1 3 -0.01 0.020472 0.014305 -1.5776e-07 0.19156
1 3 -0.01 0.025472 0.024363 -1.2236e-07 0.17365
1 3 -0.01 0.027972 0.030892 -4.7059e-08 0.16656
1 3 -0.01 0.030472 0.038381 4.8186e-08 0.16001
1 3 -0.01 0.032972 0.031215 -4.0821e-10 0.15448
1 3 -0.01 0.035472 0.024965 -5.5042e-08 0.14918
1 3 -0.01 0.040472 0.015335 -1.4774e-07 0.14032
1 3 -0.01 0.045472 0.0088904 -1.3685e-07 0.13298
1 3 -0.01 0.050472 0.0048558 -7.6669e-08 0.12671
1 3 0 0 0.00054604 -6.7353e-08 0
1 3 0 0.010472 0.0036538 -2.9752e-07 0.25388
1 3 0 0.015472 0.0075798 -3.3731e-07 0.2155
1 3 0 0.020472 0.014199 -3.2996e-07 0.19087
1 3 0 0.025472 0.02429 -2.5725e-07 0.17329
1 3 0 0.027972 0.030872 -1.063e-07 0.16647
1 3 0 0.030472 0.038377 1.154e-07 0.15999
1 3 0 0.032972 0.031247 6.0345e-08 0.15461
1 3 0 0.035472 0.025034 1.7702e-08 0.14946
1 3 0 0.040472 0.015454 -4.2012e-09 0.14086
1 3 0 0.045472 0.0090152 3.666e-09 0.13365
1 3 0 0.050472 0.0049666 1.3948e-08 0.12751
1 3 0.01 0 0.00050415 -1.3178e-07 0
1 3 0.01 0.010472 0.0035461 -3.2554e-07 0.25188
1 3 0.01 0.015472 0.0074542 -3.5913e-07 0.21424
1 3 0.01 0.020472 0.014087 -3.2555e-07 0.19014
1 3 0.01 0.025472 0.024228 -2.4367e-07 0.17299
1 3 0.01 0.027972 0.030803 -1.8631e-07 0.16615
1 3 0.01 0.030472 0.038372 1.6529e-07 0.15997
1 3 0.01 0.032972 0.031233 1.4255e-07 0.15456
1 3 0.01 0.035472 0.025084 1.2321e-07 0.14967
1 3 0.01 0.040472 0.015543 9.7767e-08 0.14126
1 3 0.01 0.045472 0.0091189 9.3457e-08 0.13421
1 3 0.01 0.050472 0.0050638 1.0731e-07 0.1282
1 3 0.05 0 0.00031076 -8.7737e-07 0
1 3 0.05 0.010472 0.0030167 -1.0665e-06 0.24163
1 3 0.05 0.015472 0.0068296 -1.1285e-06 0.20784
1 3 0.05 0.020472 0.013503 -1.3081e-06 0.1863
1 3 0.05 0.025472 0.023856 -1.2773e-06 0.17115
1 3 0.05 0.027972 0.030612 -1.1483e-06 0.16529
1 3 0.05 0.030472 0.038344 1.1423e-06 0.15985
1 3 0.05 0.032972 0.031364 1.1379e-06 0.1551
1 3 0.05 0.035472 0.025391 1.1346e-06 0.15094
1 3 0.05 0.040472 0.016075 1.1481e-06 0.14364
1 3 0.05 0.045472 0.0097365 1.1695e-06 0.1375
1 3 0.05 0.050472 0.0056547 1.1438e-06 0.13229
0 4 -0.05 0 0.00081137 1.3689e-07 0
0 4 -0.05 0.010472 0.0042662 9.153e-08 0.26482
0 4 -0.05 0.015472 0.0082653 7.8757e-08 0.22231
0 4 -0.05 0.020472 0.014811 8.5794e-08 0.19486
0 4 -0.05 0.025472 0.024668 1.157e-07 0.17516
0 4 -0.05 0.027972 0.030974 5.7638e-08 0.16693
0 4 -0.05 0.030472 0.038401 -1.6193e-07 0.1601
0 4 -0.05 0.032972 0.03099 -1.8694e-07 0.15355
0 4 -0.05 0.035472 0.024699 -2.1078e-07 0.14807
0 4 -0.05 0.040472 0.014862 -2.477e-07 0.13819
0 4 -0.05 0.045472 0.0083242 -2.6635e-07 0.12987
0 4 -0.05 0.050472 0.0043201 -2.6149e-07 0.12274
0 4 -0.01 0 0.00076561 1.4335e-07 0
0 4 -0.01 0.010472 0.0041489 -4.7373e-08 0.26278
0 4 -0.01 0.015472 0.0081365 -4.7228e-08 0.22104
0 4 -0.01 0.020472 0.014696 -1.3181e-08 0.19411
0 4 -0.01 0.025472 0.024593 4.9606e-08 0.17479
0 4 -0.01 0.027972 0.031009 1.3157e-07 0.16709
0 4 -0.01 0.030472 0.038384 -1.308e-07 0.16003
0 4 -0.01 0.032972 0.031087 -1.81e-07 0.15395
0 4 -0.01 0.035472 0.02474 -2.1814e-07 0.14825
0 4 -0.01 0.040472 0.014945 -2.9774e-07 0.13856
0 4 -0.01 0.045472 0.0084219 -3.5504e-07 0.13041
0 4 -0.01 0.050472 0.0044102 -3.7961e-07 0.12343
0 4 0 0 0.00075655 1.4382e-07 0
0 4 0 0.010472 0.0041362 1.9115e-09 0.26256
0 4 0 0.015472 0.0081173 -6.9775e-08 0.22085
0 4 0 0.020472 0.014674 -8.6336e-08 0.19397
0 4 0 0.025472 0.024576 -2.5148e-08 0.17471
0 4 0 0.027972 0.031025 1.2939e-07 0.16716
0 4 0 0.030472 0.038381 -9.6822e-08 0.16001
0 4 0 0.032972 0.031118 -1.79e-07 0.15408
0 4 0 0.035472 0.024756 -2.2836e-07 0.14831
0 4 0 0.040472 0.014979 -3.1572e-07 0.13872
0 4 0 0.045472 0.0084668 -3.3513e-07 0.13066
0 4 0 0.050472 0.0044562 -3.0022e-07 0.12377
0 4 0.01 0 0.00073928 1.4441e-07 0
0 4 0.01 0.010472 0.0041077 8.7878e-08 0.26205
0 4 0.01 0.015472 0.0080859 7.1557e-08 0.22054
0 4 0.01 0.020472 0.014646 4.1574e-08 0.19379
0 4 0.01 0.025472 0.024558 6.4218e-08 0.17462
0 4 0.01 0.027972 0.030982 1.2723e-07 0.16697
0 4 0.01 0.030472 0.038377 -1.3221e-07 0.15999
0 4 0.01 0.032972 0.03109 -1.7659e-07 0.15396
0 4 0.01 0.035472 0.024766 -2.0811e-07 0.14835
0 4 0.01 0.040472 0.014998 -2.5253e-07 0.1388
0 4 0.01 0.045472 0.0084896 -2.5954e-07 0.13078
0 4 0.01 0.050472 0.0044773 -2.5902e-07 0.12393
0 4 0.05 0 0.00069219 1.4103e-07 0
0 4 0.05 0.010472 0.0039883 -4.5605e-08 0.25994
0 4 0.05 0.015472 0.0079477 -1.1087e-07 0.21918
0 4 0.05 0.020472 0.014526 -4.4731e-08 0.19301
0 4 0.05 0.025472 0.024484 3.3349e-08 0.17425
0 4 0.05 0.027972 0.030935 1.1106e-07 0.16675
0 4 0.05 0.030472 0.038361 -1.097e-07 0.15992
0 4 0.05 0.032972 0.031102 -1.6083e-07 0.15401
0 4 0.05 0.035472 0.024802 -1.8549e-07 0.14851
0 4 0.05 0.040472 0.015068 -2.6547e-07 0.13912
0 4 0.05 0.045472 0.0085686 -3.427e-07 0.13122
0 4 0.05 0.050472 0.0045581 -3.3066e-07 0.12453
0.2 4 -0.05 0 0.0007815 -1.972e-07 0
0.2 4 -0.05 0.010472 0.0042039 -2.5933e-07 0.26374
0.2 4 -0.05 0.015472 0.0081973 -2.7668e-07 0.22164
0.2 4 -0.05 0.020472 0.014751 -2.737e-07 0.19448
0.2 4 -0.05 0.025472 0.024633 -2.4767e-07 0.17499
0.2 4 -0.05 0.027972 0.030956 -3.0587e-07 0.16685
0.2 4 -0.05 0.030472 0.038399 2.0567e-07 0.16009
0.2 4 -0.05 0.032972 0.031005 1.809e-07 0.15361
0.2 4 -0.05 0.035472 0.024731 1.617e-07 0.14821
0.2 4 -0.05 0.040472 0.014919 1.3018e-07 0.13845
0.2 4 -0.05 0.045472 0.0083901 1.4667e-07 0.13024
0.2 4 -0.05 0.050472 0.0043807 1.2699e-07 0.1232
0.2 4 -0.01 0 0.00071055 2.6762e-07 0
0.2 4 -0.01 0.010472 0.0040354 7.5479e-08 0.26078
0.2 4 -0.01 0.015472 0.0080113 6.2619e-08 0.21981
0.2 4 -0.01 0.020472 0.014586 8.0822e-08 0.1934
0.2 4 -0.01 0.025472 0.024529 1.2786e-07 0.17447
0.2 4 -0.01 0.027972 0.030975 2.0231e-07 0.16693
0.2 4 -0.01 0.030472 0.038384 -1.9718e-07 0.16002
0.2 4 -0.01 0.032972 0.031122 -2.423e-07 0.1541
0.2 4 -0.01 0.035472 0.024802 -2.7835e-07 0.1485
0.2 4 -0.01 0.040472 0.01505 -3.5586e-07 0.13904
0.2 4 -0.01 0.045472 0.008543 -4.1102e-07 0.13108
0.2 4 -0.01 0.050472 0.0045285 -3.8622e-07 0.12431
0.2 4 0 0 0.00069264 2.4724e-07 0
0.2 4 0 0.010472 0.0039965 4.9834e-08 0.26009
0.2 4 0 0.015472 0.0079629 -2.6621e-08 0.21933
0.2 4 0 0.020472 0.014538 -3.8637e-08 0.19309
0.2 4 0 0.025472 0.024497 2.9457e-08 0.17432
0.2 4 0 0.027972 0.030983 1.8126e-07 0.16697
0.2 4 0 0.030472 0.038381 -1.504e-07 0.16001
0.2 4 0 0.032972 0.031156 -2.2187e-07 0.15424
0.2 4 0 0.035472 0.024834 -2.6732e-07 0.14864
0.2 4 0 0.040472 0.015111 -3.302e-07 0.13931
0.2 4 0 0.045472 0.0086183 -3.2352e-07 0.13149
0.2 4 0 0.050472 0.0045953 -2.7059e-07 0.12481
0.2 4 0.01 0 0.00066577 2.4605e-07 0
0.2 4 0.01 0.010472 0.0039446 1.5753e-07 0.25916
0.2 4 0.01 0.015472 0.0079055 9.9459e-08 0.21876
0.2 4 0.01 0.020472 0.014487 6.9084e-08 0.19276
0.2 4 0.01 0.025472 0.024465 9.486e-08 0.17416
0.2 4 0.01 0.027972 0.030933 1.5387e-07 0.16674
0.2 4 0.01 0.030472 0.038376 -1.5682e-07 0.15999
0.2 4 0.01 0.032972 0.031132 -1.9013e-07 0.15414
0.2 4 0.01 0.035472 0.024855 -2.119e-07 0.14872
0.2 4 0.01 0.040472 0.015151 -2.316e-07 0.13949
0.2 4 0.01 0.045472 0.0086645 -2.3514e-07 0.13174
0.2 4 0.01 0.050472 0.0046381 -2.1971e-07 0.12512
0.2 4 0.05 0 0.00054857 -1.5892e-06 0
0.2 4 0.05 0.010472 0.0036614 -1.9257e-06 0.25402
0.2 4 0.05 0.015472 0.007596 -1.952e-06 0.21567
0.2 4 0.05 0.020472 0.014219 -1.9555e-06 0.191
0.2 4 0.05 0.025472 0.024303 -1.9477e-06 0.17336
0.2 4 0.05 0.027972 0.030847 -1.8839e-06 0.16636
0.2 4 0.05 0.030472 0.038345 1.9233e-06 0.15986
0.2 4 0.05 0.032972 0.031192 1.8801e-06 0.15439
0.2 4 0.05 0.035472 0.024958 1.8721e-06 0.14915
0.2 4 0.05 0.040472 0.015353 1.8242e-06 0.1404
0.2 4 0.05 0.045472 0.0089232 1.885e-06 0.13315
0.2 4 0.05 0.050472 0.0048893 1.9641e-06 0.12695
0.5 4 -0.05 0 0.00073877 1.4153e-07 0
0.5 4 -0.05 0.010472 0.0041125 8.8183e-08 0.26214
0.5 4 -0.05 0.015472 0.0080968 7.5977e-08 0.22065
0.5 4 -0.05 0.020472 0.014664 8.4934e-08 0.19391
0.5 4 -0.05 0.025472 0.024582 1.1719e-07 0.17473
0.5 4 -0.05 0.027972 0.030929 6.4394e-08 0.16672
0.5 4 -0.05 0.030472 0.038401 -1.6487e-07 0.16009
0.5 4 -0.05 0.032972 0.031032 -1.9546e-07 0.15372
0.5 4 -0.05 0.035472 0.024784 -2.135e-07 0.14843
0.5 4 -0.05 0.040472 0.015008 -2.4894e-07 0.13885
0.5 4 -0.05 0.045472 0.0084913 -2.6457e-07 0.13079
0.5 4 -0.05 0.050472 0.0044737 -2.6027e-07 0.1239
0.5 4 -0.01 0 0.00063466 1.4104e-07 0
0.5 4 -0.01 0.010472 0.0038725 2.93e-09 0.25787
0.5 4 -0.01 0.015472 0.0078301 -6.4827e-09 0.21801
0.5 4 -0.01 0.020472 0.014427 1.0774e-08 0.19236
0.5 4 -0.01 0.025472 0.024435 5.8465e-08 0.17401
0.5 4 -0.01 0.027972 0.030928 1.353e-07 0.16672
0.5 4 -0.01 0.030472 0.038383 -1.3626e-07 0.16002
0.5 4 -0.01 0.032972 0.031174 -1.866e-07 0.15431
0.5 4 -0.01 0.035472 0.024894 -2.3526e-07 0.14889
0.5 4 -0.01 0.040472 0.015207 -3.3532e-07 0.13975
0.5 4 -0.01 0.045472 0.0087341 -3.668e-07 0.13213
0.5 4 -0.01 0.050472 0.00471 -3.173e-07 0.12565
0.5 4 0 0 0.00060566 1.4096e-07 0
0.5 4 0 0.010472 0.0037948 -9.4581e-08 0.25646
0.5 4 0 0.015472 0.0077404 -1.3035e-07 0.21711
0.5 4 0 0.020472 0.014345 -1.0376e-07 0.19183
0.5 4 0 0.025472 0.02438 -2.2759e-08 0.17374
0.5 4 0 0.027972 0.030921 1.3386e-07 0.16669
0.5 4 0 0.030472 0.038379 -1.1846e-07 0.16
0.5 4 0 0.032972 0.031209 -1.8527e-07 0.15446
0.5 4 0 0.035472 0.024948 -2.347e-07 0.14911
0.5 4 0 0.040472 0.015305 -2.835e-07 0.14019
0.5 4 0 0.045472 0.0088414 -2.6456e-07 0.13271
0.5 4 0 0.050472 0.0048027 -2.5831e-07 0.12633
0.5 4 0.01 0 0.00056808 1.4088e-07 0
0.5 4 0.01 0.010472 0.0037125 2.9732e-08 0.25496
0.5 4 0.01 0.015472 0.0076447 -1.4159e-08 0.21616
0.5 4 0.01 0.020472 0.014257 -2.0368e-09 0.19125
0.5 4 0.01 0.025472 0.024329 6.5258e-08 0.17349
0.5 4 0.01 0.027972 0.030859 1.3206e-07 0.16641
0.5 4 0.01 0.030472 0.038374 -1.5017e-07 0.15998
0.5 4 0.01 0.032972 0.031192 -1.8362e-07 0.15439
0.5 4 0.01 0.035472 0.024987 -2.0762e-07 0.14927
0.5 4 0.01 0.040472 0.015374 -2.4375e-07 0.1405
0.5 4 0.01 0.045472 0.0089221 -2.5895e-07 0.13315
0.5 4 0.01 0.050472 0.0048775 -2.46e-07 0.12687
0.5 4 0.05 0 0.0003841 1.3247e-07 0
0.5 4 0.05 0.010472 0.0032493 1.4285e-08 0.24622
0.5 4 0.05 0.015472 0.0071213 -1.5891e-08 0.21085
0.5 4 0.05 0.020472 0.013794 -3.7871e-08 0.18822
0.5 4 0.05 0.025472 0.024049 -2.0084e-08 0.1721
0.5 4 0.05 0.027972 0.030733 1.1861e-07 0.16584
0.5 4 0.05 0.030472 0.038354 -8.8857e-08 0.1599
0.5 4 0.05 0.032972 0.03135 -1.74e-07 0.15504
0.5 4 0.05 0.035472 0.025254 -2.0606e-07 0.15037
0.5 4 0.05 0.040472 0.015839 -2.3498e-07 0.14258
0.5 4 0.05 0.045472 0.0094596 -2.5016e-07 0.13604
0.5 4 0.05 0.050472 0.0053797 -2.4848e-07 0.13041
0.8 4 -0.05 0 0.0006977 -7.9067e-07 0
0.8 4 -0.05 0.010472 0.0040221 -8.7546e-07 0.26054
0.8 4 -0.05 0.015472 0.0079967 -9.0166e-07 0.21966
0.8 4 -0.05 0.020472 0.014576 -9.0584e-07 0.19333
0.8 4 -0.05 0.025472 0.02453 -8.8647e-07 0.17448
0.8 4 -0.05 0.027972 0.030901 -9.4338e-07 0.1666
0.8 4 -0.05 0.030472 0.038394 8.5228e-07 0.16007
0.8 4 -0.05 0.032972 0.031052 8.254e-07 0.15381
0.8 4 -0.05 0.035472 0.024829 8.1814e-07 0.14862
0.8 4 -0.05 0.040472 0.01509 7.9796e-07 0.13922
0.8 4 -0.05 0.045472 0.0085877 7.9765e-07 0.13132
0.8 4 -0.05 0.050472 0.0045639 8.1682e-07 0.12457
0.8 4 -0.01 0 0.00056567 3.0589e-07 0
0.8 4 -0.01 0.010472 0.0037172 1.6502e-07 0.25505
0.8 4 -0.01 0.015472 0.0076549 1.1693e-07 0.21626
0.8 4 -0.01 0.020472 0.014272 9.1476e-08 0.19135
0.8 4 -0.01 0.025472 0.024343 1.0057e-07 0.17356
0.8 4 -0.01 0.027972 0.030882 1.6272e-07 0.16651
0.8 4 -0.01 0.030472 0.038383 -1.4994e-07 0.16002
0.8 4 -0.01 0.032972 0.031226 -1.8592e-07 0.15453
0.8 4 -0.01 0.035472 0.024985 -2.3006e-07 0.14926
0.8 4 -0.01 0.040472 0.01537 -2.929e-07 0.14048
0.8 4 -0.01 0.045472 0.0089293 -2.5369e-07 0.13319
0.8 4 -0.01 0.050472 0.0048913 -1.6726e-07 0.12697
0.8 4 0 0 0.00052817 4.266e-07 0
0.8 4 0 0.010472 0.0036131 1.6153e-07 0.25313
0.8 4 0 0.015472 0.0075343 9.9083e-08 0.21505
0.8 4 0 0.020472 0.014159 8.3129e-08 0.19061
0.8 4 0 0.025472 0.024266 1.3153e-07 0.17317
0.8 4 0 0.027972 0.03086 2.7269e-07 0.16641
0.8 4 0 0.030472 0.03838 -2.5479e-07 0.16
0.8 4 0 0.032972 0.031261 -2.9807e-07 0.15467
0.8 4 0 0.035472 0.02506 -3.296e-07 0.14957
0.8 4 0 0.040472 0.015495 -3.2591e-07 0.14104
0.8 4 0 0.045472 0.0090611 -3.0213e-07 0.1339
0.8 4 0 0.050472 0.0050086 -2.7103e-07 0.12781
0.8 4 0.01 0 0.00048342 5.5935e-07 0
0.8 4 0.01 0.010472 0.003494 2.8556e-07 0.2509
0.8 4 0.01 0.015472 0.0073959 2.2434e-07 0.21365
0.8 4 0.01 0.020472 0.014036 2.3453e-07 0.18981
0.8 4 0.01 0.025472 0.024199 2.9216e-07 0.17284
0.8 4 0.01 0.027972 0.030787 3.3516e-07 0.16608
0.8 4 0.01 0.030472 0.038375 -3.4168e-07 0.15999
0.8 4 0.01 0.032972 0.03125 -3.4855e-07 0.15463
0.8 4 0.01 0.035472 0.025115 -3.5253e-07 0.1498
0.8 4 0.01 0.040472 0.015592 -3.4699e-07 0.14148
0.8 4 0.01 0.045472 0.0091734 -3.2038e-07 0.1345
0.8 4 0.01 0.050472 0.0051137 -2.7699e-07 0.12855
0.8 4 0.05 0 0.00026328 -5.3159e-06 0
0.8 4 0.05 0.010472 0.0028721 -5.6854e-06 0.23869
0.8 4 0.05 0.015472 0.0066666 -5.8573e-06 0.20614
0.8 4 0.05 0.020472 0.013377 -5.9959e-06 0.18547
0.8 4 0.05 0.025472 0.0238 -6.1088e-06 0.17087
0.8 4 0.05 0.027972 0.03051 -6.2213e-06 0.16483
0.8 4 0.05 0.030472 0.03831 6.2094e-06 0.15971
0.8 4 0.05 0.032972 0.031332 6.2919e-06 0.15497
0.8 4 0.05 0.035472 0.025421 6.4562e-06 0.15106
0.8 4 0.05 0.040472 0.016162 6.4589e-06 0.14402
0.8 4 0.05 0.045472 0.0098461 6.5334e-06 0.13808
0.8 4 0.05 0.050472 0.0057836 6.7238e-06 0.13316
1 4 -0.05 0 0.00067251 6.431e-08 0
1 4 -0.05 0.010472 0.0039651 5.1845e-09 0.25953
1 4 -0.05 0.015472 0.0079333 -8.0715e-09 0.21903
1 4 -0.05 0.020472 0.01452 1.2517e-09 0.19297
1 4 -0.05 0.025472 0.024496 3.4276e-08 0.17431
1 4 -0.05 0.027972 0.030883 -1.4739e-08 0.16652
1 4 -0.05 0.030472 0.038399 -8.172e-08 0.16009
1 4 -0.05 0.032972 0.031075 -1.169e-07 0.1539
1 4 -0.05 0.035472 0.024866 -1.2844e-07 0.14877
1 4 -0.05 0.040472 0.015149 -1.6074e-07 0.13948
1 4 -0.05 0.045472 0.0086549 -1.7312e-07 0.13169
1 4 -0.05 0.050472 0.0046258 -1.6631e-07 0.12503
1 4 -0.01 0 0.00052433 -1.1096e-07 0
1 4 -0.01 0.010472 0.0036202 -1.5038e-07 0.25326
1 4 -0.01 0.015472 0.0075445 -1.8307e-07 0.21515
1 4 -0.01 0.020472 0.014173 -1.958e-07 0.19071
1 4 -0.01 0.025472 0.024285 -1.7009e-07 0.17327
1 4 -0.01 0.027972 0.030853 -9.5236e-08 0.16638
1 4 -0.01 0.030472 0.03838 9.585e-08 0.16001
1 4 -0.01 0.032972 0.031258 4.8128e-08 0.15466
1 4 -0.01 0.035472 0.02504 -1.5768e-08 0.14949
1 4 -0.01 0.040472 0.015477 -7.8799e-08 0.14096
1 4 -0.01 0.045472 0.0090534 -5.1231e-08 0.13386
1 4 -0.01 0.050472 0.0050079 2.2134e-09 0.1278
1 4 0 0 0.00048236 -1.3276e-07 0
1 4 0 0.010472 0.0035008 -3.2233e-07 0.25103
1 4 0 0.015472 0.0074039 -3.7657e-07 0.21373
1 4 0 0.020472 0.01404 -3.8544e-07 0.18983
1 4 0 0.025472 0.024193 -3.1782e-07 0.17281
1 4 0 0.027972 0.03082 -1.7038e-07 0.16623
1 4 0 0.030472 0.038376 1.7137e-07 0.15999
1 4 0 0.032972 0.031289 1.2498e-07 0.15479
1 4 0 0.035472 0.025127 8.9003e-08 0.14985
1 4 0 0.040472 0.015612 7.953e-08 0.14157
1 4 0 0.045472 0.0091982 7.5391e-08 0.13464
1 4 0 0.050472 0.0051389 9.7558e-08 0.12873
1 4 0.01 0 0.00043427 -2.1373e-07 0
1 4 0.01 0.010472 0.0033586 -4.884e-07 0.24833
1 4 0.01 0.015472 0.0072394 -5.0091e-07 0.21206
1 4 0.01 0.020472 0.013896 -4.3285e-07 0.18889
1 4 0.01 0.025472 0.024116 -3.2614e-07 0.17243
1 4 0.01 0.027972 0.03074 -2.7396e-07 0.16587
1 4 0.01 0.030472 0.038371 2.5231e-07 0.15997
1 4 0.01 0.032972 0.031279 2.3109e-07 0.15474
1 4 0.01 0.035472 0.025191 2.1299e-07 0.15011
1 4 0.01 0.040472 0.015723 1.9159e-07 0.14207
1 4 0.01 0.045472 0.0093282 1.9094e-07 0.13533
1 4 0.01 0.050472 0.0052616 2.0733e-07 0.12959
1 4 0.05 0 0.0002139 -1.5862e-06 0
1 4 0.05 0.010472 0.002667 -1.9422e-06 0.23441
1 4 0.05 0.015472 0.006433 -1.8891e-06 0.20368
1 4 0.05 0.020472 0.013177 -1.9413e-06 0.18414
1 4 0.05 0.025472 0.023687 -1.9728e-06 0.17031
1 4 0.05 0.027972 0.030489 -1.9842e-06 0.16474
1 4 0.05 0.030472 0.038332 2.0091e-06 0.1598
1 4 0.05 0.032972 0.031483 2.0347e-06 0.15559
1 4 0.05 0.035472 0.025546 1.7786e-06 0.15158
1 4 0.05 0.040472 0.016389 2.0449e-06 0.14504
1 4 0.05 0.045472 0.010149 2.1301e-06 0.13967
1 4 0.05 0.050472 0.0060604 2.2085e-06 0.135
0 5 -0.05 0 0.00081137 1.3689e-07 0
0 5 -0.05 0.010472 0.0042662 9.153e-08 0.26482
0 5 -0.05 0.015472 0.0082653 7.8757e-08 0.22231
0 5 -0.05 0.020472 0.014811 8.5794e-08 0.19486
0 5 -0.05 0.025472 0.024668 1.157e-07 0.17516
0 5 -0.05 0.027972 0.030974 5.7638e-08 0.16693
0 5 -0.05 0.030472 0.038401 -1.6193e-07 0.1601
0 5 -0.05 0.032972 0.03099 -1.8694e-07 0.15355
0 5 -0.05 0.035472 0.024699 -2.1078e-07 0.14807
0 5 -0.05 0.040472 0.014862 -2.477e-07 0.13819
0 5 -0.05 0.045472 0.0083242 -2.6635e-07 0.12987
0 5 -0.05 0.050472 0.0043202 -2.6149e-07 0.12274
0 5 -0.01 0 0.00076561 1.4335e-07 0
0 5 -0.01 0.010472 0.0041489 -4.7373e-08 0.26278
0 5 -0.01 0.015472 0.0081365 -4.7228e-08 0.22104
0 5 -0.01 0.020472 0.014696 -1.3181e-08 0.19411
0 5 -0.01 0.025472 0.024593 4.9606e-08 0.17479
0 5 -0.01 0.027972 0.031009 1.3157e-07 0.16709
0 5 -0.01 0.030472 0.038384 -1.308e-07 0.16003
0 5 -0.01 0.032972 0.031087 -1.81e-07 0.15395
0 5 -0.01 0.035472 0.02474 -2.1814e-07 0.14825
0 5 -0.01 0.040472 0.014945 -2.9774e-07 0.13856
0 5 -0.01 0.045472 0.0084219 -3.5504e-07 0.13041
0 5 -0.01 0.050472 0.0044102 -3.7961e-07 0.12343
0 5 0 0 0.00075655 1.4382e-07 0
0 5 0 0.010472 0.0041362 1.9115e-09 0.26256
0 5 0 0.015472 0.0081173 -6.9775e-08 0.22085
0 5 0 0.020472 0.014674 -8.6336e-08 0.19397
0 5 0 0.025472 0.024576 -2.5148e-08 0.17471
0 5 0 0.027972 0.031025 1.2939e-07 0.16716
0 5 0 0.030472 0.038381 -9.6822e-08 0.16001
0 5 0 0.032972 0.031118 -1.79e-07 0.15408
0 5 0 0.035472 0.024756 -2.2836e-07 0.14831
0 5 0 0.040472 0.014979 -3.1572e-07 0.13872
0 5 0 0.045472 0.0084668 -3.3513e-07 0.13066
0 5 0 0.050472 0.0044562 -3.0022e-07 0.12377
0 5 0.01 0 0.00073928 1.4441e-07 0
0 5 0.01 0.010472 0.0041077 8.7878e-08 0.26205
0 5 0.01 0.015472 0.0080859 7.1557e-08 0.22054
0 5 0.01 0.020472 0.014646 4.1574e-08 0.19379
0 5 0.01 0.025472 0.024558 6.4218e-08 0.17462
0 5 0.01 0.027972 0.030982 1.2723e-07 0.16697
0 5 0.01 0.030472 0.038377 -1.3221e-07 0.15999
0 5 0.01 0.032972 0.03109 -1.7659e-07 0.15396
0 5 0.01 0.035472 0.024766 -2.0811e-07 0.14835
0 5 0.01 0.040472 0.014998 -2.5253e-07 0.1388
0 5 0.01 0.045472 0.0084896 -2.5954e-07 0.13078
0 5 0.01 0.050472 0.0044773 -2.5902e-07 0.12393
0 5 0.05 0 0.00068954 4.7865e-08 0
0 5 0.05 0.010472 0.0039997 -2.1101e-08 0.26015
0 5 0.05 0.015472 0.0079663 -7.3287e-08 0.21936
0 5 0.05 0.020472 0.014561 -1.7326e-08 0.19324
0 5 0.05 0.025472 0.024513 9.7636e-10 0.1744
0 5 0.05 0.027972 0.030944 1.8482e-08 0.16679
0 5 0.05 0.030472 0.038361 7.2171e-10 0.15992
0 5 0.05 0.032972 0.031117 -1.0399e-07 0.15407
0 5 0.05 0.035472 0.024814 3.9288e-07 0.14855
0 5 0.05 0.040472 0.015078 -1.6144e-07 0.13916
0 5 0.05 0.045472 0.0085764 -2.3272e-07 0.13126
0 5 0.05 0.050472 0.0045644 -2.1474e-07 0.12458
0.2 5 -0.05 0 0.00077389 -6.0923e-08 0
0.2 5 -0.05 0.010472 0.0041879 -1.2571e-07 0.26346
0.2 5 -0.05 0.015472 0.0081797 -1.4418e-07 0.22147
0.2 5 -0.05 0.020472 0.014736 -1.4217e-07 0.19438
0.2 5 -0.05 0.025472 0.024624 -1.1708e-07 0.17494
0.2 5 -0.05 0.027972 0.030952 -1.7529e-07 0.16683
0.2 5 -0.05 0.030472 0.0384 7.6104e-08 0.16009
0.2 5 -0.05 0.032972 0.03101 5.1374e-08 0.15363
0.2 5 -0.05 0.035472 0.024741 3.3332e-08 0.14825
0.2 5 -0.05 0.040472 0.014935 3.1324e-09 0.13852
0.2 5 -0.05 0.045472 0.0084074 -8.653e-09 0.13033
0.2 5 -0.05 0.050472 0.0043965 2.5248e-09 0.12332
0.2 5 -0.01 0 0.00069603 -4.5721e-08 0
0.2 5 -0.01 0.010472 0.0040052 -2.3562e-07 0.26024
0.2 5 -0.01 0.015472 0.0079784 -2.504e-07 0.21948
0.2 5 -0.01 0.020472 0.014558 -2.3534e-07 0.19322
0.2 5 -0.01 0.025472 0.024512 -1.915e-07 0.17439
0.2 5 -0.01 0.027972 0.030967 -1.1872e-07 0.1669
0.2 5 -0.01 0.030472 0.038382 1.2433e-07 0.16002
0.2 5 -0.01 0.032972 0.031129 8.008e-08 0.15413
0.2 5 -0.01 0.035472 0.024817 4.3765e-08 0.14857
0.2 5 -0.01 0.040472 0.015077 -3.4145e-08 0.13916
0.2 5 -0.01 0.045472 0.0085737 -8.9843e-08 0.13125
0.2 5 -0.01 0.050472 0.0045591 -5.0386e-08 0.12454
0.2 5 0 0 0.00067534 -2.2787e-07 0
0.2 5 0 0.010472 0.0039582 -4.4548e-07 0.25941
0.2 5 0 0.015472 0.0079206 -5.2658e-07 0.21891
0.2 5 0 0.020472 0.014502 -5.4044e-07 0.19285
0.2 5 0 0.025472 0.024475 -4.7314e-07 0.17421
0.2 5 0 0.027972 0.030972 -3.2308e-07 0.16692
0.2 5 0 0.030472 0.038377 3.5514e-07 0.15999
0.2 5 0 0.032972 0.031162 2.8766e-07 0.15426
0.2 5 0 0.035472 0.024851 2.4469e-07 0.14871
0.2 5 0 0.040472 0.015143 1.908e-07 0.13946
0.2 5 0 0.045472 0.0086558 2.0669e-07 0.1317
0.2 5 0 0.050472 0.0046301 2.6299e-07 0.12506
0.2 5 0.01 0 0.00064546 -9.5046e-08 0
0.2 5 0.01 0.010472 0.0038993 -1.9307e-07 0.25835
0.2 5 0.01 0.015472 0.0078552 -2.6337e-07 0.21826
0.2 5 0.01 0.020472 0.014443 -2.944e-07 0.19247
0.2 5 0.01 0.025472 0.024439 -2.6795e-07 0.17403
0.2 5 0.01 0.027972 0.030919 -2.0972e-07 0.16668
0.2 5 0.01 0.030472 0.038373 2.0783e-07 0.15998
0.2 5 0.01 0.032972 0.031141 1.7742e-07 0.15418
0.2 5 0.01 0.035472 0.024877 1.5854e-07 0.14881
0.2 5 0.01 0.040472 0.015189 1.4262e-07 0.13966
0.2 5 0.01 0.045472 0.0087091 1.4364e-07 0.13199
0.2 5 0.01 0.050472 0.0046793 1.6334e-07 0.12543
0.2 5 0.05 0 0.00049887 -9.3415e-07 0
0.2 5 0.05 0.010472 0.0035513 -1.1702e-06 0.25198
0.2 5 0.05 0.015472 0.0074862 -1.1366e-06 0.21456
0.2 5 0.05 0.020472 0.014091 -1.3018e-06 0.19017
0.2 5 0.05 0.025472 0.024247 -1.2056e-06 0.17308
0.2 5 0.05 0.027972 0.030755 -1.2816e-06 0.16594
0.2 5 0.05 0.030472 0.03835 1.2114e-06 0.15988
0.2 5 0.05 0.032972 0.031196 1.1871e-06 0.1544
0.2 5 0.05 0.035472 0.024989 2.4033e-06 0.14928
0.2 5 0.05 0.040472 0.015433 1.1802e-06 0.14076
0.2 5 0.05 0.045472 0.009017 1.2619e-06 0.13366
0.2 5 0.05 0.050472 0.004977 1.3167e-06 0.12758
0.5 5 -0.05 0 0.00072071 1.4125e-07 0
0.5 5 -0.05 0.010472 0.0040734 8.7342e-08 0.26145
0.5 5 -0.05 0.015472 0.0080538 7.5294e-08 0.22023
0.5 5 -0.05 0.020472 0.014626 8.4761e-08 0.19366
0.5 5 -0.05 0.025472 0.024559 1.1763e-07 0.17462
0.5 5 -0.05 0.027972 0.030917 6.6172e-08 0.16667
0.5 5 -0.05 0.030472 0.038401 -1.6566e-07 0.16009
0.5 5 -0.05 0.032972 0.031043 -1.9773e-07 0.15377
0.5 5 -0.05 0.035472 0.024806 -2.1422e-07 0.14852
0.5 5 -0.05 0.040472 0.015044 -2.4928e-07 0.13901
0.5 5 -0.05 0.045472 0.0085333 -2.6567e-07 0.13102
0.5 5 -0.05 0.050472 0.0045124 -2.6001e-07 0.12419
0.5 5 -0.01 0 0.00060207 1.4043e-07 0
0.5 5 -0.01 0.010472 0.0038009 1.7308e-08 0.25657
0.5 5 -0.01 0.015472 0.0077503 5.0045e-09 0.21721
0.5 5 -0.01 0.020472 0.014357 1.729e-08 0.19191
0.5 5 -0.01 0.025472 0.024394 6.0787e-08 0.17381
0.5 5 -0.01 0.027972 0.030907 1.3643e-07 0.16663
0.5 5 -0.01 0.030472 0.038383 -1.3794e-07 0.16002
0.5 5 -0.01 0.032972 0.031196 -1.8806e-07 0.1544
0.5 5 -0.01 0.035472 0.024934 -2.4034e-07 0.14905
0.5 5 -0.01 0.040472 0.015274 -3.4575e-07 0.14005
0.5 5 -0.01 0.045472 0.008818 -3.5168e-07 0.13258
0.5 5 -0.01 0.050472 0.0047874 -2.9814e-07 0.12621
0.5 5 0 0 0.00056806 1.4019e-07 0
0.5 5 0 0.010472 0.0037084 -9.3109e-08 0.25489
0.5 5 0 0.015472 0.007645 -1.1858e-07 0.21616
0.5 5 0 0.020472 0.01426 -9.7291e-08 0.19127
0.5 5 0 0.025472 0.024329 -1.9881e-08 0.17349
0.5 5 0 0.027972 0.030894 1.3512e-07 0.16657
0.5 5 0 0.030472 0.038379 -1.2396e-07 0.16
0.5 5 0 0.032972 0.031232 -1.8693e-07 0.15455
0.5 5 0 0.035472 0.024997 -2.3525e-07 0.14931
0.5 5 0 0.040472 0.015389 -2.7368e-07 0.14056
0.5 5 0 0.045472 0.0089377 -2.6113e-07 0.13323
0.5 5 0 0.050472 0.0048921 -2.5779e-07 0.12697
0.5 5 0.01 0 0.0005254 1.3993e-07 0
0.5 5 0.01 0.010472 0.0036077 -2.7016e-09 0.25303
0.5 5 0.01 0.015472 0.0075269 -3.9933e-08 0.21497
0.5 5 0.01 0.020472 0.014154 -1.4061e-08 0.19058
0.5 5 0.01 0.025472 0.024269 6.5968e-08 0.17319
0.5 5 0.01 0.027972 0.030828 1.3347e-07 0.16627
0.5 5 0.01 0.030472 0.038375 -1.545e-07 0.15998
0.5 5 0.01 0.032972 0.03122 -1.8553e-07 0.1545
0.5 5 0.01 0.035472 0.025045 -2.0939e-07 0.14951
0.5 5 0.01 0.040472 0.015473 -2.4459e-07 0.14094
0.5 5 0.01 0.045472 0.0090347 -2.5883e-07 0.13376
0.5 5 0.01 0.050472 0.0049821 -2.4717e-07 0.12762
0.5 5 0.05 0 0.00030323 1.5785e-07 0
0.5 5 0.05 0.010472 0.0030152 1.1433e-07 0.2416
0.5 5 0.05 0.015472 0.0068436 1.0695e-07 0.20798
0.5 5 0.05 0.020472 0.013534 4.2313e-08 0.18651
0.5 5 0.05 0.025472 0.023922 1.3701e-07 0.17147
0.5 5 0.05 0.027972 0.030624 1.5227e-07 0.16535
0.5 5 0.05 0.030472 0.038353 -1.5186e-07 0.15989
0.5 5 0.05 0.032972 0.031358 -9.4014e-08 0.15507
0.5 5 0.05 0.035472 0.025368 5.4546e-07 0.15085
0.5 5 0.05 0.040472 0.016042 -2.1808e-07 0.14349
0.5 5 0.05 0.045472 0.0096934 -2.4979e-07 0.13728
0.5 5 0.05 0.050472 0.0055982 -2.9765e-07 0.13191
0.8 5 -0.05 0 0.00067043 -4.2263e-07 0
0.8 5 -0.05 0.010472 0.0039608 -5.1415e-07 0.25945
0.8 5 -0.05 0.015472 0.0079287 -5.4282e-07 0.21899
0.8 5 -0.05 0.020472 0.014516 -5.4889e-07 0.19294
0.8 5 -0.05 0.025472 0.024495 -5.3128e-07 0.1743
0.8 5 -0.05 0.027972 0.030883 -5.8758e-07 0.16652
0.8 5 -0.05 0.030472 0.038396 4.9926e-07 0.16007
0.8 5 -0.05 0.032972 0.031073 4.717e-07 0.15389
0.8 5 -0.05 0.035472 0.024865 4.6799e-07 0.14876
0.8 5 -0.05 0.040472 0.015149 4.5115e-07 0.13949
0.8 5 -0.05 0.045472 0.0086558 4.5418e-07 0.1317
0.8 5 -0.05 0.050472 0.0046267 4.7647e-07 0.12504
0.8 5 -0.01 0 0.0005188 -3.5992e-07 0
0.8 5 -0.01 0.010472 0.0036078 -4.5292e-07 0.25303
0.8 5 -0.01 0.015472 0.0075315 -5.0958e-07 0.21502
0.8 5 -0.01 0.020472 0.014163 -5.4786e-07 0.19064
0.8 5 -0.01 0.025472 0.024279 -5.4824e-07 0.17324
0.8 5 -0.01 0.027972 0.03085 -4.876e-07 0.16637
0.8 5 -0.01 0.030472 0.038378 5.0048e-07 0.16
0.8 5 -0.01 0.032972 0.031257 4.6605e-07 0.15466
0.8 5 -0.01 0.035472 0.025042 4.1534e-07 0.1495
0.8 5 -0.01 0.040472 0.015483 3.7694e-07 0.14099
0.8 5 -0.01 0.045472 0.0090599 4.3095e-07 0.13389
0.8 5 -0.01 0.050472 0.0050136 5.0953e-07 0.12784
0.8 5 0 0 0.00047509 -8.6403e-07 0
0.8 5 0 0.010472 0.0034842 -1.1204e-06 0.25072
0.8 5 0 0.015472 0.0073863 -1.2041e-06 0.21355
0.8 5 0 0.020472 0.014026 -1.2438e-06 0.18974
0.8 5 0 0.025472 0.024184 -1.2131e-06 0.17277
0.8 5 0 0.027972 0.030816 -1.0795e-06 0.16622
0.8 5 0 0.030472 0.03837 1.0967e-06 0.15996
0.8 5 0 0.032972 0.031287 1.0658e-06 0.15478
0.8 5 0 0.035472 0.025128 1.0449e-06 0.14985
0.8 5 0 0.040472 0.015619 1.0678e-06 0.1416
0.8 5 0 0.045472 0.0092069 1.0953e-06 0.13468
0.8 5 0 0.050472 0.0051467 1.1488e-06 0.12878
0.8 5 0.01 0 0.00042482 1.7705e-08 0
0.8 5 0.01 0.010472 0.0033359 -3.3327e-07 0.2479
0.8 5 0.01 0.015472 0.0072144 -3.8307e-07 0.2118
0.8 5 0.01 0.020472 0.013875 -3.5154e-07 0.18875
0.8 5 0.01 0.025472 0.024105 -2.7806e-07 0.17238
0.8 5 0.01 0.027972 0.030735 -2.4084e-07 0.16585
0.8 5 0.01 0.030472 0.038371 2.3695e-07 0.15997
0.8 5 0.01 0.032972 0.031285 2.3355e-07 0.15477
0.8 5 0.01 0.035472 0.0252 2.3327e-07 0.15015
0.8 5 0.01 0.040472 0.015739 2.4747e-07 0.14214
0.8 5 0.01 0.045472 0.0093448 2.8234e-07 0.13542
0.8 5 0.01 0.050472 0.0052758 3.3416e-07 0.12969
0.8 5 0.05 0 0.0001738 -2.7726e-06 0
0.8 5 0.05 0.010472 0.002539 -3.1737e-06 0.23165
0.8 5 0.05 0.015472 0.006265 -3.3594e-06 0.20189
0.8 5 0.05 0.020472 0.013015 -3.5297e-06 0.18307
0.8 5 0.05 0.025472 0.023586 -3.6905e-06 0.16981
0.8 5 0.05 0.027972 0.030438 -3.7698e-06 0.16451
0.8 5 0.05 0.030472 0.03832 3.8476e-06 0.15975
0.8 5 0.05 0.032972 0.03149 3.9018e-06 0.15562
0.8 5 0.05 0.035472 0.025632 3.6228e-06 0.15194
0.8 5 0.05 0.040472 0.0165 4.1407e-06 0.14553
0.8 5 0.05 0.045472 0.010283 4.3212e-06 0.14036
0.8 5 0.05 0.050472 0.0061876 4.5089e-06 0.13584
1 5 -0.05 0 0.00063987 4.8071e-08 0
1 5 -0.05 0.010472 0.0038907 -1.2884e-08 0.2582
1 5 -0.05 0.015472 0.0078505 -2.6076e-08 0.21821
1 5 -0.05 0.020472 0.014447 -1.5944e-08 0.1925
1 5 -0.05 0.025472 0.024454 1.8058e-08 0.1741
1 5 -0.05 0.027972 0.030861 -2.8734e-08 0.16642
1 5 -0.05 0.030472 0.038399 -6.5926e-08 0.16009
1 5 -0.05 0.032972 0.031098 -1.0338e-07 0.154
1 5 -0.05 0.035472 0.024909 -1.122e-07 0.14895
1 5 -0.05 0.040472 0.015222 -1.4345e-07 0.13981
1 5 -0.05 0.045472 0.0087384 -1.5476e-07 0.13215
1 5 -0.05 0.050472 0.0047035 -1.4724e-07 0.1256
1 5 -0.01 0 0.00047008 -1.8753e-07 0
1 5 -0.01 0.010472 0.0034899 -1.8436e-07 0.25082
1 5 -0.01 0.015472 0.0073958 -2.0251e-07 0.21365
1 5 -0.01 0.020472 0.014041 -2.2881e-07 0.18984
1 5 -0.01 0.025472 0.024207 -2.1304e-07 0.17288
1 5 -0.01 0.027972 0.030815 -1.3782e-07 0.16621
1 5 -0.01 0.030472 0.038379 1.3725e-07 0.16
1 5 -0.01 0.032972 0.031302 9.081e-08 0.15484
1 5 -0.01 0.035472 0.025119 2.0796e-08 0.14982
1 5 -0.01 0.040472 0.015621 -1.3969e-08 0.14161
1 5 -0.01 0.045472 0.0092172 2.9707e-08 0.13474
1 5 -0.01 0.050472 0.0051614 5.1446e-08 0.12889
1 5 0 0 0.00042184 -2.3387e-07 0
1 5 0 0.010472 0.0033484 -3.3552e-07 0.24814
1 5 0 0.015472 0.0072269 -4.0737e-07 0.21193
1 5 0 0.020472 0.013879 -4.3529e-07 0.18878
1 5 0 0.025472 0.024095 -3.701e-07 0.17233
1 5 0 0.027972 0.030766 -2.2747e-07 0.16599
1 5 0 0.030472 0.038375 2.2059e-07 0.15998
1 5 0 0.032972 0.031329 1.8223e-07 0.15496
1 5 0 0.035472 0.02522 1.5593e-07 0.15023
1 5 0 0.040472 0.015769 1.4022e-07 0.14227
1 5 0 0.045472 0.009381 1.3873e-07 0.13562
1 5 0 0.050472 0.005312 1.6158e-07 0.12994
1 5 0.01 0 0.00036835 -3.139e-07 0
1 5 0.01 0.010472 0.0031795 -5.6911e-07 0.24486
1 5 0.01 0.015472 0.0070217 -6.4608e-07 0.20983
1 5 0.01 0.020472 0.013703 -5.3427e-07 0.18762
1 5 0.01 0.025472 0.024003 -3.9968e-07 0.17188
1 5 0.01 0.027972 0.030675 -3.5451e-07 0.16558
1 5 0.01 0.030472 0.038369 3.3257e-07 0.15996
1 5 0.01 0.032972 0.031322 3.1026e-07 0.15492
1 5 0.01 0.035472 0.025296 2.9479e-07 0.15055
1 5 0.01 0.040472 0.015903 2.7662e-07 0.14287
1 5 0.01 0.045472 0.0095365 2.7922e-07 0.13644
1 5 0.01 0.050472 0.0054599 2.9096e-07 0.13096
1 5 0.05 0 7.9365e-05 -3.1476e-06 0
1 5 0.05 0.010472 0.0018578 -3.4203e-06 0.21571
1 5 0.05 0.015472 0.0051172 -3.6084e-06 0.18918
1 5 0.05 0.020472 0.011469 -3.6364e-06 0.17268
1 5 0.05 0.025472 0.021763 -3.7559e-06 0.16079
1 5 0.05 0.027972 0.028581 -3.7785e-06 0.15613
1 5 0.05 0.030472 0.036461 3.8272e-06 0.15185
1 5 0.05 0.032972 0.029666 3.8717e-06 0.14807
1 5 0.05 0.035472 0.02391 3.98e-06 0.14481
1 5 0.05 0.040472 0.015048 3.7399e-06 0.13903
1 5 0.05 0.045472 0.0090885 3.9961e-06 0.13405
1 5 0.05 0.050472 0.0053183 4.2095e-06 0.12999
