0.000000 -7.000000000000 0.720201078021
0.000000 -6.600000000000 0.720201078021
0.000000 -6.200000000000 0.720201078021
0.000000 -5.800000000000 0.720201078021
0.000000 -5.400000000000 0.720201078021
0.000000 -5.000000000000 0.720201078021
0.000000 -4.600000000000 0.720201078021
0.000000 -4.200000000000 0.720201078021
0.000000 -3.800000000000 0.720201078021
0.000000 -3.400000000000 0.720201078021
0.000000 -3.000000000000 0.720201078021
0.000000 -2.600000000000 0.720201078021
0.000000 -2.200000000000 0.720201078021
0.000000 -1.800000000000 0.720201078021
0.000000 -1.400000000000 0.720201078021
0.000000 -1.000000000000 0.720201078021
0.000000 -0.600000000000 0.720201078021
0.000000 -0.200000000000 0.720201078021
0.000000 0.200000000000 0.720201078021
0.000000 0.600000000000 0.720201078021
0.000000 1.000000000000 0.720201078021
0.000000 1.400000000000 0.720201078021
0.000000 1.800000000000 0.720201078021
0.000000 2.200000000000 0.720201078021
0.000000 2.600000000000 0.720201078021
0.000000 3.000000000000 0.720201078021
0.000000 3.400000000000 0.720201078021
0.000000 3.800000000000 0.720201078021
0.000000 4.200000000000 0.720201078021
0.000000 4.600000000000 0.720201078021
0.000000 5.000000000000 0.720201078021
0.000000 5.400000000000 0.720201078021
0.000000 5.800000000000 0.720201078021
0.000000 6.200000000000 0.720201078021
0.000000 6.600000000000 0.720201078021

0.428571 -7.000000000000 0.834077309669
0.428571 -6.600000000000 0.833027099018
0.428571 -6.200000000000 0.831859411098
0.428571 -5.800000000000 0.830521011507
0.428571 -5.400000000000 0.828982730025
0.428571 -5.000000000000 0.827304268160
0.428571 -4.600000000000 0.825445900724
0.428571 -4.200000000000 0.823347014542
0.428571 -3.800000000000 0.821017622722
0.428571 -3.400000000000 0.818405414859
0.428571 -3.000000000000 0.815120210835
0.428571 -2.600000000000 0.810336778451
0.428571 -2.200000000000 0.801797671464
0.428571 -1.800000000000 0.785066430710
0.428571 -1.400000000000 0.770241274375
0.428571 -1.000000000000 0.756414002800
0.428571 -0.600000000000 0.743308999562
0.428571 -0.200000000000 0.730645890343
0.428571 0.200000000000 0.718219918464
0.428571 0.600000000000 0.705768866680
0.428571 1.000000000000 0.692942832693
0.428571 1.400000000000 0.679509531770
0.428571 1.800000000000 0.665277250443
0.428571 2.200000000000 0.649957155759
0.428571 2.600000000000 0.633396497046
0.428571 3.000000000000 0.615557754212
0.428571 3.400000000000 0.596455125909
0.428571 3.800000000000 0.576294107855
0.428571 4.200000000000 0.555472192253
0.428571 4.600000000000 0.534519383953
0.428571 5.000000000000 0.514066956071
0.428571 5.400000000000 0.494939898517
0.428571 5.800000000000 0.477568550891
0.428571 6.200000000000 0.462287179530
0.428571 6.600000000000 0.449321111148

0.857143 -7.000000000000 0.948270209787
0.857143 -6.600000000000 0.946167317519
0.857143 -6.200000000000 0.943829194310
0.857143 -5.800000000000 0.941149246103
0.857143 -5.400000000000 0.938069063827
0.857143 -5.000000000000 0.934708190963
0.857143 -4.600000000000 0.930987083670
0.857143 -4.200000000000 0.926784372988
0.857143 -3.800000000000 0.922120108688
0.857143 -3.400000000000 0.916889546885
0.857143 -3.000000000000 0.910311409314
0.857143 -2.600000000000 0.900733289950
0.857143 -2.200000000000 0.883634984919
0.857143 -1.800000000000 0.850133137668
0.857143 -1.400000000000 0.820447943946
0.857143 -1.000000000000 0.792760867596
0.857143 -0.600000000000 0.766520027293
0.857143 -0.200000000000 0.741164014729
0.857143 0.200000000000 0.716282834787
0.857143 0.600000000000 0.691351436028
0.857143 1.000000000000 0.665669190593
0.857143 1.400000000000 0.638770982493
0.857143 1.800000000000 0.610272933719
0.857143 2.200000000000 0.579596698793
0.857143 2.600000000000 0.546436416975
0.857143 3.000000000000 0.510716959802
0.857143 3.400000000000 0.472466757983
0.857143 3.800000000000 0.432097286454
0.857143 4.200000000000 0.390404464852
0.857143 4.600000000000 0.348449549883
0.857143 5.000000000000 0.307496573060
0.857143 5.400000000000 0.269197455263
0.857143 5.800000000000 0.234413888207
0.857143 6.200000000000 0.203815191038
0.857143 6.600000000000 0.177852547336

1.285714 -7.000000000000 0.989176017848
1.285714 -6.600000000000 0.987206366567
1.285714 -6.200000000000 0.984978727147
1.285714 -5.800000000000 0.982378151099
1.285714 -5.400000000000 0.979349796565
1.285714 -5.000000000000 0.975966866455
1.285714 -4.600000000000 0.972138259136
1.285714 -4.200000000000 0.967763458095
1.285714 -3.800000000000 0.962757840462
1.285714 -3.400000000000 0.957041059826
1.285714 -3.000000000000 0.949768082604
1.285714 -2.600000000000 0.939416200125
1.285714 -2.200000000000 0.921756308300
1.285714 -1.800000000000 0.888476289301
1.285714 -1.400000000000 0.854875178362
1.285714 -1.000000000000 0.816331429754
1.285714 -0.600000000000 0.780936339315
1.285714 -0.200000000000 0.748362160655
1.285714 0.200000000000 0.716685852650
1.285714 0.600000000000 0.685004724879
1.285714 1.000000000000 0.652301542410
1.285714 1.400000000000 0.617872277000
1.285714 1.800000000000 0.581004016660
1.285714 2.200000000000 0.541034527241
1.285714 2.600000000000 0.497598111962
1.285714 3.000000000000 0.450816403086
1.285714 3.400000000000 0.401176945662
1.285714 3.800000000000 0.349758648058
1.285714 4.200000000000 0.298120599998
1.285714 4.600000000000 0.248113846578
1.285714 5.000000000000 0.201246461901
1.285714 5.400000000000 0.159139046606
1.285714 5.800000000000 0.122511988043
1.285714 6.200000000000 0.091688466389
1.285714 6.600000000000 0.066631485722

1.714286 -7.000000000000 0.993643236577
1.714286 -6.600000000000 0.992402182781
1.714286 -6.200000000000 0.990927973443
1.714286 -5.800000000000 0.989119858914
1.714286 -5.400000000000 0.986943033486
1.714286 -5.000000000000 0.984370950520
1.714286 -4.600000000000 0.981315093902
1.714286 -4.200000000000 0.977736803556
1.714286 -3.800000000000 0.973388922255
1.714286 -3.400000000000 0.968254119016
1.714286 -3.000000000000 0.961587635845
1.714286 -2.600000000000 0.952476896179
1.714286 -2.200000000000 0.938265994921
1.714286 -1.800000000000 0.913733278425
1.714286 -1.400000000000 0.881694975639
1.714286 -1.000000000000 0.833768600073
1.714286 -0.600000000000 0.791189286235
1.714286 -0.200000000000 0.754121864698
1.714286 0.200000000000 0.718469604347
1.714286 0.600000000000 0.682893447165
1.714286 1.000000000000 0.646075717860
1.714286 1.400000000000 0.607069708380
1.714286 1.800000000000 0.564763820514
1.714286 2.200000000000 0.518514837658
1.714286 2.600000000000 0.467943841412
1.714286 3.000000000000 0.413487394017
1.714286 3.400000000000 0.356316722072
1.714286 3.800000000000 0.298411673463
1.714286 4.200000000000 0.242279782831
1.714286 4.600000000000 0.190693956599
1.714286 5.000000000000 0.145212031720
1.714286 5.400000000000 0.106992624932
1.714286 5.800000000000 0.076327103465
1.714286 6.200000000000 0.052849727933
1.714286 6.600000000000 0.035675638574

2.142857 -7.000000000000 0.997841817629
2.142857 -6.600000000000 0.997171105105
2.142857 -6.200000000000 0.996301758874
2.142857 -5.800000000000 0.995152171211
2.142857 -5.400000000000 0.993694339799
2.142857 -5.000000000000 0.991844676371
2.142857 -4.600000000000 0.989511560843
2.142857 -4.200000000000 0.986695103975
2.142857 -3.800000000000 0.983061120576
2.142857 -3.400000000000 0.978624820575
2.142857 -3.000000000000 0.972752617293
2.142857 -2.600000000000 0.964961159092
2.142857 -2.200000000000 0.953694426930
2.142857 -1.800000000000 0.935855344392
2.142857 -1.400000000000 0.905687845035
2.142857 -1.000000000000 0.851557870662
2.142857 -0.600000000000 0.801271434758
2.142857 -0.200000000000 0.760257850067
2.142857 0.200000000000 0.721185802923
2.142857 0.600000000000 0.682275544191
2.142857 1.000000000000 0.641968653812
2.142857 1.400000000000 0.599014012582
2.142857 1.800000000000 0.552051628711
2.142857 2.200000000000 0.500386960531
2.142857 2.600000000000 0.443725281036
2.142857 3.000000000000 0.382832210619
2.142857 3.400000000000 0.319546789038
2.142857 3.800000000000 0.256639933593
2.142857 4.200000000000 0.197457838033
2.142857 4.600000000000 0.145273087154
2.142857 5.000000000000 0.101621242920
2.142857 5.400000000000 0.067212540388
2.142857 5.800000000000 0.041845055200
2.142857 6.200000000000 0.024478449566
2.142857 6.600000000000 0.013511832502

2.571429 -7.000000000000 0.998736039950
2.571429 -6.600000000000 0.998317698635
2.571429 -6.200000000000 0.997755285779
2.571429 -5.800000000000 0.996996502897
2.571429 -5.400000000000 0.995993538915
2.571429 -5.000000000000 0.994692179079
2.571429 -4.600000000000 0.992986485013
2.571429 -4.200000000000 0.990868741222
2.571429 -3.800000000000 0.988071011294
2.571429 -3.400000000000 0.984579517315
2.571429 -3.000000000000 0.979895419669
2.571429 -2.600000000000 0.973600615894
2.571429 -2.200000000000 0.964287527321
2.571429 -1.800000000000 0.949041983853
2.571429 -1.400000000000 0.921447230431
2.571429 -1.000000000000 0.867681009720
2.571429 -0.600000000000 0.808782064253
2.571429 -0.200000000000 0.765043804308
2.571429 0.200000000000 0.723785732490
2.571429 0.600000000000 0.682784178602
2.571429 1.000000000000 0.640364957338
2.571429 1.400000000000 0.594851922202
2.571429 1.800000000000 0.544943796503
2.571429 2.200000000000 0.489754869763
2.571429 2.600000000000 0.429271722327
2.571429 3.000000000000 0.364614978013
2.571429 3.400000000000 0.298253550104
2.571429 3.800000000000 0.233519219074
2.571429 4.200000000000 0.174365150374
2.571429 4.600000000000 0.123702686091
2.571429 5.000000000000 0.082895651523
2.571429 5.400000000000 0.052231942621
2.571429 5.800000000000 0.030887950654
2.571429 6.200000000000 0.017181361192
2.571429 6.600000000000 0.009066410444

3.000000 -7.000000000000 0.999626425395
3.000000 -6.600000000000 0.999462002083
3.000000 -6.200000000000 0.999208404308
3.000000 -5.800000000000 0.998842822499
3.000000 -5.400000000000 0.998297516166
3.000000 -5.000000000000 0.997547824153
3.000000 -4.600000000000 0.996473403242
3.000000 -4.200000000000 0.995058663907
3.000000 -3.800000000000 0.993102326029
3.000000 -3.400000000000 0.990561446762
3.000000 -3.000000000000 0.987072761988
3.000000 -2.600000000000 0.982283821221
3.000000 -2.200000000000 0.974936406786
3.000000 -1.800000000000 0.962300400263
3.000000 -1.400000000000 0.937294378572
3.000000 -1.000000000000 0.883894636230
3.000000 -0.600000000000 0.816331076454
3.000000 -0.200000000000 0.769851891134
3.000000 0.200000000000 0.726394814507
3.000000 0.600000000000 0.683289562079
3.000000 1.000000000000 0.638745491145
3.000000 1.400000000000 0.590658845092
3.000000 1.800000000000 0.537787433407
3.000000 2.200000000000 0.479053216322
3.000000 2.600000000000 0.414725801459
3.000000 3.000000000000 0.346282975974
3.000000 3.400000000000 0.276827354464
3.000000 3.800000000000 0.210254978436
3.000000 4.200000000000 0.151129658994
3.000000 4.600000000000 0.101999259906
3.000000 5.000000000000 0.064054807167
3.000000 5.400000000000 0.037159272931
3.000000 5.800000000000 0.019863571036
3.000000 6.200000000000 0.009839501298
3.000000 6.600000000000 0.004593726403

3.428571 -7.000000000000 0.999793514585
3.428571 -6.600000000000 0.999690164458
3.428571 -6.200000000000 0.999527829075
3.428571 -5.800000000000 0.999290260032
3.428571 -5.400000000000 0.998927823543
3.428571 -5.000000000000 0.998419616929
3.428571 -4.600000000000 0.997678659340
3.428571 -4.200000000000 0.996669205438
3.428571 -3.800000000000 0.995264588900
3.428571 -3.400000000000 0.993348350903
3.428571 -3.000000000000 0.990728778416
3.428571 -2.600000000000 0.986988895958
3.428571 -2.200000000000 0.981018086013
3.428571 -1.800000000000 0.970311373560
3.428571 -1.400000000000 0.947563766096
3.428571 -1.000000000000 0.895781787620
3.428571 -0.600000000000 0.822792424186
3.428571 -0.200000000000 0.774778586668
3.428571 0.200000000000 0.730178726216
3.428571 0.600000000000 0.685984047818
3.428571 1.000000000000 0.640288370595
3.428571 1.400000000000 0.590851877507
3.428571 1.800000000000 0.536284085054
3.428571 2.200000000000 0.475590271847
3.428571 2.600000000000 0.409076689711
3.428571 3.000000000000 0.338532647721
3.428571 3.400000000000 0.267375886944
3.428571 3.800000000000 0.199865789488
3.428571 4.200000000000 0.140708716523
3.428571 4.600000000000 0.092459430178
3.428571 5.000000000000 0.056203371322
3.428571 5.400000000000 0.031430731109
3.428571 5.800000000000 0.016181499403
3.428571 6.200000000000 0.007739646448
3.428571 6.600000000000 0.003509130583

3.857143 -7.000000000000 0.999929330514
3.857143 -6.600000000000 0.999885115206
3.857143 -6.200000000000 0.999812072151
3.857143 -5.800000000000 0.999700277000
3.857143 -5.400000000000 0.999518877282
3.857143 -5.000000000000 0.999250427169
3.857143 -4.600000000000 0.998842258358
3.857143 -4.200000000000 0.998238115149
3.857143 -3.800000000000 0.997386771592
3.857143 -3.400000000000 0.996096965217
3.857143 -3.000000000000 0.994350664112
3.857143 -2.600000000000 0.991664048072
3.857143 -2.200000000000 0.987075525425
3.857143 -1.800000000000 0.978308032425
3.857143 -1.400000000000 0.957836808783
3.857143 -1.000000000000 0.907705813173
3.857143 -0.600000000000 0.829282534852
3.857143 -0.200000000000 0.779736197859
3.857143 0.200000000000 0.733997435623
3.857143 0.600000000000 0.688717167933
3.857143 1.000000000000 0.641872618665
3.857143 1.400000000000 0.591090475407
3.857143 1.800000000000 0.534827844594
3.857143 2.200000000000 0.472177765248
3.857143 2.600000000000 0.403480247713
3.857143 3.000000000000 0.330838485357
3.857143 3.400000000000 0.257984124726
3.857143 3.800000000000 0.189540655847
3.857143 4.200000000000 0.130352114029
3.857143 4.600000000000 0.082985024623
3.857143 5.000000000000 0.048419081811
3.857143 5.400000000000 0.025768798205
3.857143 5.800000000000 0.012559863084
3.857143 6.200000000000 0.005688127061
3.857143 6.600000000000 0.002458438429

4.285714 -7.000000000000 0.999988603070
4.285714 -6.600000000000 0.999971304092
4.285714 -6.200000000000 0.999940653189
4.285714 -5.800000000000 0.999891050137
4.285714 -5.400000000000 0.999804878307
4.285714 -5.000000000000 0.999670388235
4.285714 -4.600000000000 0.999458058348
4.285714 -4.200000000000 0.999122231058
4.285714 -3.800000000000 0.998644260117
4.285714 -3.400000000000 0.997844829984
4.285714 -3.000000000000 0.996755011904
4.285714 -2.600000000000 0.994935512917
4.285714 -2.200000000000 0.991527955581
4.285714 -1.800000000000 0.984320120822
4.285714 -1.400000000000 0.965932161065
4.285714 -1.000000000000 0.917797817494
4.285714 -0.600000000000 0.835890185295
4.285714 -0.200000000000 0.785398109245
4.285714 0.200000000000 0.738870450518
4.285714 0.600000000000 0.692877436489
4.285714 1.000000000000 0.645195370882
4.285714 1.400000000000 0.593439943623
4.285714 1.800000000000 0.535941636775
4.285714 2.200000000000 0.471795085338
4.285714 2.600000000000 0.401387177770
4.285714 3.000000000000 0.326984783702
4.285714 3.400000000000 0.252554077551
4.285714 3.800000000000 0.183041605340
4.285714 4.200000000000 0.123472226271
4.285714 4.600000000000 0.076543781340
4.285714 5.000000000000 0.043161064184
4.285714 5.400000000000 0.022060845738
4.285714 5.800000000000 0.010293657642
4.285714 6.200000000000 0.004466580280
4.285714 6.600000000000 0.001860578506

4.714286 -7.000000000000 1.000017578814
4.714286 -6.600000000000 1.000010538364
4.714286 -6.200000000000 0.999998057383
4.714286 -5.800000000000 0.999977847557
4.714286 -5.400000000000 0.999942731648
4.714286 -5.000000000000 0.999887876637
4.714286 -4.600000000000 0.999801248221
4.714286 -4.200000000000 0.999664171512
4.714286 -3.800000000000 0.999468393342
4.714286 -3.400000000000 0.999092090451
4.714286 -3.000000000000 0.998550575433
4.714286 -2.600000000000 0.997507792937
4.714286 -2.200000000000 0.995185420928
4.714286 -1.800000000000 0.989351167707
4.714286 -1.400000000000 0.972962279133
4.714286 -1.000000000000 0.927021676342
4.714286 -0.600000000000 0.842621611561
4.714286 -0.200000000000 0.791482942511
4.714286 0.200000000000 0.744342825695
4.714286 0.600000000000 0.697826100407
4.714286 1.000000000000 0.649462297230
4.714286 1.400000000000 0.596920172238
4.714286 1.800000000000 0.538416034040
4.714286 2.200000000000 0.473000976749
4.714286 2.600000000000 0.401116029911
4.714286 3.000000000000 0.325114414268
4.714286 3.400000000000 0.249157214274
4.714286 3.800000000000 0.178495231058
4.714286 4.200000000000 0.118358289646
4.714286 4.600000000000 0.071639286660
4.714286 5.000000000000 0.039183667162
4.714286 5.400000000000 0.019346257336
4.714286 5.800000000000 0.008718998119
4.714286 6.200000000000 0.003669839419
4.714286 6.600000000000 0.001495051897

5.142857 -7.000000000000 1.000005643964
5.142857 -6.600000000000 1.000004509836
5.142857 -6.200000000000 1.000002047775
5.142857 -5.800000000000 0.999996911699
5.142857 -5.400000000000 0.999986459860
5.142857 -5.000000000000 0.999965616681
5.142857 -4.600000000000 0.999924896520
5.142857 -4.200000000000 0.999846793479
5.142857 -3.800000000000 0.999699429379
5.142857 -3.400000000000 0.999358716577
5.142857 -3.000000000000 0.998743589188
5.142857 -2.600000000000 0.997495960826
5.142857 -2.200000000000 0.994811925658
5.142857 -1.800000000000 0.988531244539
5.142857 -1.400000000000 0.972541861872
5.142857 -1.000000000000 0.930010870807
5.142857 -0.600000000000 0.850345384582
5.142857 -0.200000000000 0.799424092163
5.142857 0.200000000000 0.751648367479
5.142857 0.600000000000 0.704624279161
5.142857 1.000000000000 0.655531611816
5.142857 1.400000000000 0.601993147386
5.142857 1.800000000000 0.542054169752
5.142857 2.200000000000 0.474691955577
5.142857 2.600000000000 0.400454635324
5.142857 3.000000000000 0.321980158660
5.142857 3.400000000000 0.243910580323
5.142857 3.800000000000 0.171974480135
5.142857 4.200000000000 0.111597498042
5.142857 4.600000000000 0.065704388443
5.142857 5.000000000000 0.034763810032
5.142857 5.400000000000 0.016544351260
5.142857 5.800000000000 0.007186457208
5.142857 6.200000000000 0.002927545815
5.142857 6.600000000000 0.001164716428

5.571429 -7.000000000000 1.000014631689
5.571429 -6.600000000000 1.000010156436
5.571429 -6.200000000000 1.000000407561
5.571429 -5.800000000000 0.999979975155
5.571429 -5.400000000000 0.999938252812
5.571429 -5.000000000000 0.999854838023
5.571429 -4.600000000000 0.999691278497
5.571429 -4.200000000000 0.999376820530
5.571429 -3.800000000000 0.998784569374
5.571429 -3.400000000000 0.997662257029
5.571429 -3.000000000000 0.995663762909
5.571429 -2.600000000000 0.992145220717
5.571429 -2.200000000000 0.986054756828
5.571429 -1.800000000000 0.975497178332
5.571429 -1.400000000000 0.956529552181
5.571429 -1.000000000000 0.919922399852
5.571429 -0.600000000000 0.860152738934
5.571429 -0.200000000000 0.811261334020
5.571429 0.200000000000 0.762804224078
5.571429 0.600000000000 0.715308675803
5.571429 1.000000000000 0.665391888436
5.571429 1.400000000000 0.610422284603
5.571429 1.800000000000 0.548156290397
5.571429 2.200000000000 0.477434393592
5.571429 2.600000000000 0.399022123909
5.571429 3.000000000000 0.316256867550
5.571429 3.400000000000 0.234858847137
5.571429 3.800000000000 0.161394615260
5.571429 4.200000000000 0.101464421036
5.571429 4.600000000000 0.057680858267
5.571429 5.000000000000 0.029471692231
5.571429 5.400000000000 0.013595995645
5.571429 5.800000000000 0.005763024405
5.571429 6.200000000000 0.002309790749
5.571429 6.600000000000 0.000912887659

6.000000 -7.000000000000 0.999944754089
6.000000 -6.600000000000 0.999936878398
6.000000 -6.200000000000 0.999919713349
6.000000 -5.800000000000 0.999883713065
6.000000 -5.400000000000 0.999810165079
6.000000 -5.000000000000 0.999663067856
6.000000 -4.600000000000 0.999374488203
6.000000 -4.200000000000 0.998819479288
6.000000 -3.800000000000 0.997774443001
6.000000 -3.400000000000 0.995856661851
6.000000 -3.000000000000 0.992450254507
6.000000 -2.600000000000 0.986620522125
6.000000 -2.200000000000 0.977063278164
6.000000 -1.800000000000 0.962153258957
6.000000 -1.400000000000 0.940155702197
6.000000 -1.000000000000 0.909581070505
6.000000 -0.600000000000 0.870067261588
6.000000 -0.200000000000 0.823245857920
6.000000 0.200000000000 0.774099023721
6.000000 0.600000000000 0.726127349388
6.000000 1.000000000000 0.675375669365
6.000000 1.400000000000 0.618953712526
6.000000 1.800000000000 0.554324065995
6.000000 2.200000000000 0.480188077487
6.000000 2.600000000000 0.397532497841
6.000000 3.000000000000 0.310406376728
6.000000 3.400000000000 0.225626906743
6.000000 3.800000000000 0.150613058999
6.000000 4.200000000000 0.091142367429
6.000000 4.600000000000 0.049509484159
6.000000 5.000000000000 0.024082737798
6.000000 5.400000000000 0.010593913318
6.000000 5.800000000000 0.004313716249
6.000000 6.200000000000 0.001680821165
6.000000 6.600000000000 0.000656489543

6.428571 -7.000000000000 0.999989594700
6.428571 -6.600000000000 0.999984693182
6.428571 -6.200000000000 0.999973551382
6.428571 -5.800000000000 0.999949259241
6.428571 -5.400000000000 0.999897906042
6.428571 -5.000000000000 0.999792112029
6.428571 -4.600000000000 0.999578453316
6.428571 -4.200000000000 0.999155398665
6.428571 -3.800000000000 0.998334687956
6.428571 -3.400000000000 0.996781867140
6.428571 -3.000000000000 0.993933034330
6.428571 -2.600000000000 0.988890623246
6.428571 -2.200000000000 0.980337705517
6.428571 -1.800000000000 0.966548937384
6.428571 -1.400000000000 0.945609918902
6.428571 -1.000000000000 0.915925542345
6.428571 -0.600000000000 0.877003979660
6.428571 -0.200000000000 0.830151160818
6.428571 0.200000000000 0.781639732009
6.428571 0.600000000000 0.734361885514
6.428571 1.000000000000 0.684344889097
6.428571 1.400000000000 0.628383756723
6.428571 1.800000000000 0.563685968191
6.428571 2.200000000000 0.488763939866
6.428571 2.600000000000 0.404566308294
6.428571 3.000000000000 0.315365063151
6.428571 3.400000000000 0.228463381344
6.428571 3.800000000000 0.151773329806
6.428571 4.200000000000 0.091283438094
6.428571 4.600000000000 0.049237716541
6.428571 5.000000000000 0.023784908714
6.428571 5.400000000000 0.010418627537
6.428571 5.800000000000 0.004251945926
6.428571 6.200000000000 0.001684671344
6.428571 6.600000000000 0.000684721058

6.857143 -7.000000000000 0.999977262842
6.857143 -6.600000000000 0.999974781573
6.857143 -6.200000000000 0.999968660422
6.857143 -5.800000000000 0.999954434588
6.857143 -5.400000000000 0.999922601407
6.857143 -5.000000000000 0.999853861118
6.857143 -4.600000000000 0.999708974937
6.857143 -4.200000000000 0.999410174116
6.857143 -3.800000000000 0.998806097664
6.857143 -3.400000000000 0.997614342618
6.857143 -3.000000000000 0.995333059201
6.857143 -2.600000000000 0.991116928964
6.857143 -2.200000000000 0.983652457456
6.857143 -1.800000000000 0.971120682982
6.857143 -1.400000000000 0.951389862001
6.857143 -1.000000000000 0.922578954125
6.857143 -0.600000000000 0.884018237623
6.857143 -0.200000000000 0.837001542569
6.857143 0.200000000000 0.789149129329
6.857143 0.600000000000 0.742680260380
6.857143 1.000000000000 0.693464196411
6.857143 1.400000000000 0.638004205509
6.857143 1.800000000000 0.573273827043
6.857143 2.200000000000 0.497602137694
6.857143 2.600000000000 0.411908324990
6.857143 3.000000000000 0.320694258851
6.857143 3.400000000000 0.231729881042
6.857143 3.800000000000 0.153378219341
6.857143 4.200000000000 0.091823810490
6.857143 4.600000000000 0.049268123995
6.857143 5.000000000000 0.023676320886
6.857143 5.400000000000 0.010341153902
6.857143 5.800000000000 0.004234248470
6.857143 6.200000000000 0.001705753752
6.857143 6.600000000000 0.000718867460

7.285714 -7.000000000000 1.000020395318
7.285714 -6.600000000000 1.000019171119
7.285714 -6.200000000000 1.000015826176
7.285714 -5.800000000000 1.000007425336
7.285714 -5.400000000000 0.999987354744
7.285714 -5.000000000000 0.999941763027
7.285714 -4.600000000000 0.999841376773
7.285714 -4.200000000000 0.999626091080
7.285714 -3.800000000000 0.999174370919
7.285714 -3.400000000000 0.998250201241
7.285714 -3.000000000000 0.996415558334
7.285714 -2.600000000000 0.992895227210
7.285714 -2.200000000000 0.986418679790
7.285714 -1.800000000000 0.975125651549
7.285714 -1.400000000000 0.956703588378
7.285714 -1.000000000000 0.928973662631
7.285714 -0.600000000000 0.891028052787
7.285714 -0.200000000000 0.844173801885
7.285714 0.200000000000 0.797196601432
7.285714 0.600000000000 0.751784608030
7.285714 1.000000000000 0.703580013742
7.285714 1.400000000000 0.648836195764
7.285714 1.800000000000 0.584284115413
7.285714 2.200000000000 0.508039624535
7.285714 2.600000000000 0.420943432186
7.285714 3.000000000000 0.327679316903
7.285714 3.400000000000 0.236499879427
7.285714 3.800000000000 0.156232680530
7.285714 4.200000000000 0.093293824316
7.285714 4.600000000000 0.049904588021
7.285714 5.000000000000 0.023912508084
7.285714 5.400000000000 0.010437215483
7.285714 5.800000000000 0.004301791350
7.285714 6.200000000000 0.001772415994
7.285714 6.600000000000 0.000784562448

7.714286 -7.000000000000 1.000034467827
7.714286 -6.600000000000 1.000033822161
7.714286 -6.200000000000 1.000031947806
7.714286 -5.800000000000 1.000026910818
7.714286 -5.400000000000 1.000014113034
7.714286 -5.000000000000 0.999983643803
7.714286 -4.600000000000 0.999913790650
7.714286 -4.200000000000 0.999758672094
7.714286 -3.800000000000 0.999422688157
7.714286 -3.400000000000 0.998713336505
7.714286 -3.000000000000 0.997258157735
7.714286 -2.600000000000 0.994363425111
7.714286 -2.200000000000 0.988825601023
7.714286 -1.800000000000 0.978773912225
7.714286 -1.400000000000 0.961734999245
7.714286 -1.000000000000 0.935222273781
7.714286 -0.600000000000 0.898051629283
7.714286 -0.200000000000 0.851558425029
7.714286 0.200000000000 0.805596905111
7.714286 0.600000000000 0.761402871830
7.714286 1.000000000000 0.714348327591
7.714286 1.400000000000 0.660459307278
7.714286 1.800000000000 0.596216769061
7.714286 2.200000000000 0.519503497986
7.714286 2.600000000000 0.431051716085
7.714286 3.000000000000 0.335700167938
7.714286 3.400000000000 0.242198009543
7.714286 3.800000000000 0.159849628204
7.714286 4.200000000000 0.095325816731
7.714286 4.600000000000 0.050904792630
7.714286 5.000000000000 0.024354606395
7.714286 5.400000000000 0.010636783339
7.714286 5.800000000000 0.004420437264
7.714286 6.200000000000 0.001866751155
7.714286 6.600000000000 0.000869640228

8.142857 -7.000000000000 1.000016763627
8.142857 -6.600000000000 1.000016554472
8.142857 -6.200000000000 1.000015812296
8.142857 -5.800000000000 1.000013432168
8.142857 -5.400000000000 1.000006511050
8.142857 -5.000000000000 0.999988450275
8.142857 -4.600000000000 0.999943997092
8.142857 -4.200000000000 0.999839631137
8.142857 -3.800000000000 0.999602664523
8.142857 -3.400000000000 0.999080310744
8.142857 -3.000000000000 0.997962616628
8.142857 -2.600000000000 0.995639345393
8.142857 -2.200000000000 0.990987312869
8.142857 -1.800000000000 0.982152431735
8.142857 -1.400000000000 0.966530262746
8.142857 -1.000000000000 0.941328402536
8.142857 -0.600000000000 0.905049419591
8.142857 -0.200000000000 0.859030670216
8.142857 0.200000000000 0.814264923607
8.142857 0.600000000000 0.771410825461
8.142857 1.000000000000 0.725631244497
8.142857 1.400000000000 0.672732823819
8.142857 1.800000000000 0.608956141732
8.142857 2.200000000000 0.531942262430
8.142857 2.600000000000 0.442285620721
8.142857 3.000000000000 0.344932871275
8.142857 3.400000000000 0.249100137446
8.142857 3.800000000000 0.164543200933
8.142857 4.200000000000 0.098207532594
8.142857 4.600000000000 0.052491359846
8.142857 5.000000000000 0.025151509787
8.142857 5.400000000000 0.011031583311
8.142857 5.800000000000 0.004646800559
8.142857 6.200000000000 0.002027774360
8.142857 6.600000000000 0.001047213456

8.571429 -7.000000000000 1.000078101728
8.571429 -6.600000000000 1.000077985890
8.571429 -6.200000000000 1.000077555484
8.571429 -5.800000000000 1.000076109838
8.571429 -5.400000000000 1.000071645866
8.571429 -5.000000000000 1.000059317482
8.571429 -4.600000000000 1.000027581191
8.571429 -4.200000000000 0.999950584250
8.571429 -3.800000000000 0.999770848599
8.571429 -3.400000000000 0.999365309221
8.571429 -3.000000000000 0.998477573986
8.571429 -2.600000000000 0.996583092749
8.571429 -2.200000000000 0.992667701831
8.571429 -1.800000000000 0.984956577152
8.571429 -1.400000000000 0.970786755109
8.571429 -1.000000000000 0.947072811019
8.571429 -0.600000000000 0.911926398784
8.571429 -0.200000000000 0.866625723602
8.571429 0.200000000000 0.823434370361
8.571429 0.600000000000 0.782159671478
8.571429 1.000000000000 0.737902760453
8.571429 1.400000000000 0.686274998290
8.571429 1.800000000000 0.623305251290
8.571429 2.200000000000 0.546379215933
8.571429 2.600000000000 0.455889307281
8.571429 3.000000000000 0.356778189181
8.571429 3.400000000000 0.258648183174
8.571429 3.800000000000 0.171635899439
8.571429 4.200000000000 0.103001296036
8.571429 4.600000000000 0.055406450803
8.571429 5.000000000000 0.026755922277
8.571429 5.400000000000 0.011871529718
8.571429 5.800000000000 0.005118306827
8.571429 6.200000000000 0.002339843289
8.571429 6.600000000000 0.001435316056

9.000000 -7.000000000000 0.999994572646
9.000000 -6.600000000000 0.999994552412
9.000000 -6.200000000000 0.999994441429
9.000000 -5.800000000000 0.999993953223
9.000000 -5.400000000000 0.999992006861
9.000000 -5.000000000000 0.999985552206
9.000000 -4.600000000000 0.999966846997
9.000000 -4.200000000000 0.999917896536
9.000000 -3.800000000000 0.999796811226
9.000000 -3.400000000000 0.999510989012
9.000000 -3.000000000000 0.998858940075
9.000000 -2.600000000000 0.997403963392
9.000000 -2.200000000000 0.994243717900
9.000000 -1.800000000000 0.987684831872
9.000000 -1.400000000000 0.975004782510
9.000000 -1.000000000000 0.952818442847
9.000000 -0.600000000000 0.918837313190
9.000000 -0.200000000000 0.874278820753
9.000000 0.200000000000 0.832706504650
9.000000 0.600000000000 0.793055690149
9.000000 1.000000000000 0.750364989759
9.000000 1.400000000000 0.700046371241
9.000000 1.800000000000 0.637912416717
9.000000 2.200000000000 0.561087621574
9.000000 2.600000000000 0.469757406275
9.000000 3.000000000000 0.368859623351
9.000000 3.400000000000 0.268390787806
9.000000 3.800000000000 0.178876124672
9.000000 4.200000000000 0.107896671752
9.000000 4.600000000000 0.058384390169
9.000000 5.000000000000 0.028395472539
9.000000 5.400000000000 0.012730184121
9.000000 5.800000000000 0.005600541107
9.000000 6.200000000000 0.002659165945
9.000000 6.600000000000 0.001832655517

9.428571 -7.000000000000 1.000102751658
9.428571 -6.600000000000 1.000102741122
9.428571 -6.200000000000 1.000102679368
9.428571 -5.800000000000 1.000102393028
9.428571 -5.400000000000 1.000101164986
9.428571 -5.000000000000 1.000096891302
9.428571 -4.600000000000 1.000083625143
9.428571 -4.200000000000 1.000047250910
9.428571 -3.800000000000 0.999954660234
9.428571 -3.400000000000 0.999731662486
9.428571 -3.000000000000 0.999214248617
9.428571 -2.600000000000 0.998037563064
9.428571 -2.200000000000 0.995418844206
9.428571 -1.800000000000 0.989812561015
9.428571 -1.400000000000 0.978568291476
9.428571 -1.000000000000 0.958112411271
9.428571 -0.600000000000 0.925652939831
9.428571 -0.200000000000 0.882136802643
9.428571 0.200000000000 0.842581692875
9.428571 0.600000000000 0.804828143378
9.428571 1.000000000000 0.763975133711
9.428571 1.400000000000 0.715317716846
9.428571 1.800000000000 0.654522581755
9.428571 2.200000000000 0.578468634746
9.428571 2.600000000000 0.487075981698
9.428571 3.000000000000 0.385125613979
9.428571 3.400000000000 0.282737435777
9.428571 3.800000000000 0.190580894753
9.428571 4.200000000000 0.116576089344
9.428571 4.600000000000 0.064161198091
9.428571 5.000000000000 0.031854812512
9.428571 5.400000000000 0.014685668745
9.428571 5.800000000000 0.006776256147
9.428571 6.200000000000 0.003758268159
9.428571 6.600000000000 0.002930072147

9.857143 -7.000000000000 1.000062536098
9.857143 -6.600000000000 1.000062533163
9.857143 -6.200000000000 1.000062514511
9.857143 -5.800000000000 1.000062414514
9.857143 -5.400000000000 1.000061873808
9.857143 -5.000000000000 1.000059735321
9.857143 -4.600000000000 1.000051838513
9.857143 -4.200000000000 1.000027937001
9.857143 -3.800000000000 0.999963741379
9.857143 -3.400000000000 0.999803612792
9.857143 -3.000000000000 0.999421504411
9.857143 -2.600000000000 0.998525810551
9.857143 -2.200000000000 0.996456650702
9.857143 -1.800000000000 0.991822053756
9.857143 -1.400000000000 0.982049488172
9.857143 -1.000000000000 0.963375740860
9.857143 -0.600000000000 0.932490475668
9.857143 -0.200000000000 0.890057542280
9.857143 0.200000000000 0.852586734055
9.857143 0.600000000000 0.816790887446
9.857143 1.000000000000 0.777834960335
9.857143 1.400000000000 0.730897170650
9.857143 1.800000000000 0.671497287400
9.857143 2.200000000000 0.596263445052
9.857143 2.600000000000 0.504842273652
9.857143 3.000000000000 0.401849121574
9.857143 3.400000000000 0.297521387667
9.857143 3.800000000000 0.202667998276
9.857143 4.200000000000 0.125555780191
9.857143 4.600000000000 0.070147593559
9.857143 5.000000000000 0.035444601402
9.857143 5.400000000000 0.016717268145
9.857143 5.800000000000 0.007998981962
9.857143 6.200000000000 0.004905301628
9.857143 6.600000000000 0.004073336873

10.285714 -7.000000000000 1.000110860727
10.285714 -6.600000000000 1.000110860610
10.285714 -6.200000000000 1.000110858476
10.285714 -5.800000000000 1.000110835039
10.285714 -5.400000000000 1.000110621673
10.285714 -5.000000000000 1.000109592179
10.285714 -4.600000000000 1.000104963483
10.285714 -4.200000000000 1.000089096713
10.285714 -3.800000000000 1.000043802411
10.285714 -3.400000000000 0.999927432674
10.285714 -3.000000000000 0.999643203008
10.285714 -2.600000000000 0.998959405430
10.285714 -2.200000000000 0.997329262926
10.285714 -1.800000000000 0.993535329977
10.285714 -1.400000000000 0.985170578251
10.285714 -1.000000000000 0.968415428934
10.285714 -0.600000000000 0.939492993142
10.285714 -0.200000000000 0.898489312538
10.285714 0.200000000000 0.863183027571
10.285714 0.600000000000 0.829523663635
10.285714 1.000000000000 0.792628258178
10.285714 1.400000000000 0.747641753200
10.285714 1.800000000000 0.689988721812
10.285714 2.200000000000 0.616067917411
10.285714 2.600000000000 0.525241676126
10.285714 3.000000000000 0.421919699622
10.285714 3.400000000000 0.316213804222
10.285714 3.800000000000 0.218779647669
10.285714 4.200000000000 0.138201834285
10.285714 4.600000000000 0.079080522311
10.285714 5.000000000000 0.041138074431
10.285714 5.400000000000 0.020174778014
10.285714 5.800000000000 0.010374865996
10.285714 6.200000000000 0.007434911517
10.285714 6.600000000000 0.006625488006

10.714286 -7.000000000000 1.000127246832
10.714286 -6.600000000000 1.000127246783
10.714286 -6.200000000000 1.000127245894
10.714286 -5.800000000000 1.000127236049
10.714286 -5.400000000000 1.000127144470
10.714286 -5.000000000000 1.000126640178
10.714286 -4.600000000000 1.000124096491
10.714286 -4.200000000000 1.000113779845
10.714286 -3.800000000000 1.000082093405
10.714286 -3.400000000000 0.999998898196
10.714286 -3.000000000000 0.999791970077
10.714286 -2.600000000000 0.999282470343
10.714286 -2.200000000000 0.998032446477
10.714286 -1.800000000000 0.995013390691
10.714286 -1.400000000000 0.988036970699
10.714286 -1.000000000000 0.973304420298
10.714286 -0.600000000000 0.946597131574
10.714286 -0.200000000000 0.907244814780
10.714286 0.200000000000 0.874178848207
10.714286 0.600000000000 0.842788647443
10.714286 1.000000000000 0.808076870327
10.714286 1.400000000000 0.765203821894
10.714286 1.800000000000 0.709528218615
10.714286 2.200000000000 0.637229415373
10.714286 2.600000000000 0.547375778715
10.714286 3.000000000000 0.444145226909
10.714286 3.400000000000 0.337380152616
10.714286 3.800000000000 0.237409815019
10.714286 4.200000000000 0.153122861932
10.714286 4.600000000000 0.089829603314
10.714286 5.000000000000 0.048121219052
10.714286 5.400000000000 0.024502245979
10.714286 5.800000000000 0.013449724482
10.714286 6.200000000000 0.010799124332
10.714286 6.600000000000 0.010027895122

11.142857 -7.000000000000 1.000024800783
11.142857 -6.600000000000 1.000024800783
11.142857 -6.200000000000 1.000024800780
11.142857 -5.800000000000 1.000024800685
11.142857 -5.400000000000 1.000024798294
11.142857 -5.000000000000 1.000024730583
11.142857 -4.600000000000 1.000023923411
11.142857 -4.200000000000 1.000018106258
11.142857 -3.800000000000 0.999997132656
11.142857 -3.400000000000 0.999943274799
11.142857 -3.000000000000 0.999807423626
11.142857 -2.600000000000 0.999461173739
11.142857 -2.200000000000 0.998572372855
11.142857 -1.800000000000 0.996303250827
11.142857 -1.400000000000 0.990699978061
11.142857 -1.000000000000 0.977999952271
11.142857 -0.600000000000 0.953523286075
11.142857 -0.200000000000 0.916405078972
11.142857 0.200000000000 0.885418330818
11.142857 0.600000000000 0.856391579269
11.142857 1.000000000000 0.823967102787
11.142857 1.400000000000 0.783333081511
11.142857 1.800000000000 0.729798267086
11.142857 2.200000000000 0.659324486328
11.142857 2.600000000000 0.570673860637
11.142857 3.000000000000 0.467804962810
11.142857 3.400000000000 0.360129034377
11.142857 3.800000000000 0.257654655827
11.142857 4.200000000000 0.169574500385
11.142857 4.600000000000 0.101934569726
11.142857 5.000000000000 0.056239136363
11.142857 5.400000000000 0.029857399497
11.142857 5.800000000000 0.018128801327
11.142857 6.200000000000 0.015515468838
11.142857 6.600000000000 0.014768991521

11.571429 -7.000000000000 1.000112871449
11.571429 -6.600000000000 1.000112871449
11.571429 -6.200000000000 1.000112871448
11.571429 -5.800000000000 1.000112871399
11.571429 -5.400000000000 1.000112870156
11.571429 -5.000000000000 1.000112834830
11.571429 -4.600000000000 1.000112408320
11.571429 -4.200000000000 1.000109230156
11.571429 -3.800000000000 1.000093728271
11.571429 -3.400000000000 1.000055124325
11.571429 -3.000000000000 0.999955631254
11.571429 -2.600000000000 0.999698178548
11.571429 -2.200000000000 0.999023505328
11.571429 -1.800000000000 0.997257537264
11.571429 -1.400000000000 0.992742058718
11.571429 -1.000000000000 0.981991353061
11.571429 -0.600000000000 0.960067501736
11.571429 -0.200000000000 0.925106256145
11.571429 0.200000000000 0.896999334818
11.571429 0.600000000000 0.870700080738
11.571429 1.000000000000 0.840998176484
11.571429 1.400000000000 0.803318993409
11.571429 1.800000000000 0.753037086660
11.571429 2.200000000000 0.685941381344
11.571429 2.600000000000 0.600388708622
11.571429 3.000000000000 0.499881405070
11.571429 3.400000000000 0.392881946839
11.571429 3.800000000000 0.288695205958
11.571429 4.200000000000 0.196555362390
11.571429 4.600000000000 0.123259444899
11.571429 5.000000000000 0.071619555823
11.571429 5.400000000000 0.040613692767
11.571429 5.800000000000 0.028964370799
11.571429 6.200000000000 0.026480772068
11.571429 6.600000000000 0.025895984137

12.000000 -7.000000000000 1.000016585190
12.000000 -6.600000000000 1.000016585190
12.000000 -6.200000000000 1.000016585190
12.000000 -5.800000000000 1.000016585188
12.000000 -5.400000000000 1.000016585127
12.000000 -5.000000000000 1.000016583081
12.000000 -4.600000000000 1.000016547789
12.000000 -4.200000000000 1.000016081830
12.000000 -3.800000000000 1.000006205133
12.000000 -3.400000000000 0.999983282076
12.000000 -3.000000000000 0.999921166216
12.000000 -2.600000000000 0.999755002360
12.000000 -2.200000000000 0.999300475332
12.000000 -1.800000000000 0.998051837213
12.000000 -1.400000000000 0.994654930933
12.000000 -1.000000000000 0.985909196060
12.000000 -0.600000000000 0.966612504369
12.000000 -0.200000000000 0.933874106520
12.000000 0.200000000000 0.908731510489
12.000000 0.600000000000 0.885239722837
12.000000 1.000000000000 0.858340859707
12.000000 1.400000000000 0.823704865233
12.000000 1.800000000000 0.776774772738
12.000000 2.200000000000 0.713162634037
12.000000 2.600000000000 0.630809143850
12.000000 3.000000000000 0.532747193385
12.000000 3.400000000000 0.426462804131
12.000000 3.800000000000 0.320536036702
12.000000 4.200000000000 0.224241995449
12.000000 4.600000000000 0.145148134137
12.000000 5.000000000000 0.087409849588
12.000000 5.400000000000 0.051658400803
12.000000 5.800000000000 0.040092712240
12.000000 6.200000000000 0.037742881213
12.000000 6.600000000000 0.037324341372

12.428571 -7.000000000000 1.000129438103
12.428571 -6.600000000000 1.000129438103
12.428571 -6.200000000000 1.000129438103
12.428571 -5.800000000000 1.000129438103
12.428571 -5.400000000000 1.000129438099
12.428571 -5.000000000000 1.000129437780
12.428571 -4.600000000000 1.000129427303
12.428571 -4.200000000000 1.000129221796
12.428571 -3.800000000000 1.000123419999
12.428571 -3.400000000000 1.000107548513
12.428571 -3.000000000000 1.000063333688
12.428571 -2.600000000000 0.999943559550
12.428571 -2.200000000000 0.999610014561
12.428571 -1.800000000000 0.998673007936
12.428571 -1.400000000000 0.996054756683
12.428571 -1.000000000000 0.989032679071
12.428571 -0.600000000000 0.972547498065
12.428571 -0.200000000000 0.942647378776
12.428571 0.200000000000 0.920967285638
12.428571 0.600000000000 0.900521999091
12.428571 1.000000000000 0.876829167310
12.428571 1.400000000000 0.846001146407
12.428571 1.800000000000 0.803722473755
12.428571 2.200000000000 0.745606921109
12.428571 2.600000000000 0.669218585025
12.428571 3.000000000000 0.576923197144
12.428571 3.400000000000 0.474666664202
12.428571 3.800000000000 0.369766887693
12.428571 4.200000000000 0.270881600822
12.428571 4.600000000000 0.185878607493
12.428571 5.000000000000 0.120262782792
12.428571 5.400000000000 0.079192968387
12.428571 5.800000000000 0.069695264385
12.428571 6.200000000000 0.067996900918
12.428571 6.600000000000 0.067743394123

12.857143 -7.000000000000 1.000073505934
12.857143 -6.600000000000 1.000073505934
12.857143 -6.200000000000 1.000073505934
12.857143 -5.800000000000 1.000073505934
12.857143 -5.400000000000 1.000073505932
12.857143 -5.000000000000 1.000073505845
12.857143 -4.600000000000 1.000073502961
12.857143 -4.200000000000 1.000073445185
12.857143 -3.800000000000 1.000071751678
12.857143 -3.400000000000 1.000062700373
12.857143 -3.000000000000 1.000035918501
12.857143 -2.600000000000 0.999961593988
12.857143 -2.200000000000 0.999747458292
12.857143 -1.800000000000 0.999120473477
12.857143 -1.400000000000 0.997285400337
12.857143 -1.000000000000 0.992020210113
12.857143 -0.600000000000 0.978433050685
12.857143 -0.200000000000 0.951481910672
12.857143 0.200000000000 0.933384346613
12.857143 0.600000000000 0.916081689526
12.857143 1.000000000000 0.895703838481
12.857143 1.400000000000 0.868827650057
12.857143 1.800000000000 0.831394796277
12.857143 2.200000000000 0.779030329014
12.857143 2.600000000000 0.708914138595
12.857143 3.000000000000 0.622717035123
12.857143 3.400000000000 0.524775400682
12.857143 3.800000000000 0.421083968987
12.857143 4.200000000000 0.319633035515
12.857143 4.600000000000 0.228574340274
12.857143 5.000000000000 0.154797302120
12.857143 5.400000000000 0.108247686683
12.857143 5.800000000000 0.100971352306
12.857143 6.200000000000 0.099967298361
12.857143 6.600000000000 0.099883185327

13.285714 -7.000000000000 1.000099672590
13.285714 -6.600000000000 1.000099672590
13.285714 -6.200000000000 1.000099672590
13.285714 -5.800000000000 1.000099672590
13.285714 -5.400000000000 1.000099672590
13.285714 -5.000000000000 1.000099672590
13.285714 -4.600000000000 1.000099672585
13.285714 -4.200000000000 1.000099671245
13.285714 -3.800000000000 1.000099570091
13.285714 -3.400000000000 1.000094808549
13.285714 -3.000000000000 1.000078304842
13.285714 -2.600000000000 1.000032637680
13.285714 -2.200000000000 0.999896089739
13.285714 -1.800000000000 0.999480470614
13.285714 -1.400000000000 0.998213608288
13.285714 -1.000000000000 0.994382680278
13.285714 -0.600000000000 0.983723119787
13.285714 -0.200000000000 0.960467581410
13.285714 0.200000000000 0.946101049600
13.285714 0.600000000000 0.932033682684
13.285714 1.000000000000 0.915249749849
13.285714 1.400000000000 0.892872706216
13.285714 1.800000000000 0.861295611487
13.285714 2.200000000000 0.816440464728
13.285714 2.600000000000 0.755377190216
13.285714 3.000000000000 0.679078605875
13.285714 3.400000000000 0.590231814163
13.285714 3.800000000000 0.493163412457
13.285714 4.200000000000 0.394429746969
13.285714 4.600000000000 0.301481719521
13.285714 5.000000000000 0.221369670128
13.285714 5.400000000000 0.175430152495
13.285714 5.800000000000 0.170692960893
13.285714 6.200000000000 0.170147409972
13.285714 6.600000000000 0.170132722231

13.714286 -7.000000000000 1.000105296135
13.714286 -6.600000000000 1.000105296135
13.714286 -6.200000000000 1.000105296135
13.714286 -5.800000000000 1.000105296135
13.714286 -5.400000000000 1.000105296135
13.714286 -5.000000000000 1.000105296135
13.714286 -4.600000000000 1.000105296132
13.714286 -4.200000000000 1.000105295574
13.714286 -3.800000000000 1.000105253404
13.714286 -3.400000000000 1.000103268412
13.714286 -3.000000000000 1.000092744726
13.714286 -2.600000000000 1.000065695993
13.714286 -2.200000000000 0.999981801504
13.714286 -1.800000000000 0.999719037195
13.714286 -1.400000000000 0.998894065966
13.714286 -1.000000000000 0.996314151829
13.714286 -0.600000000000 0.988632371310
13.714286 -0.200000000000 0.969573547066
13.714286 0.200000000000 0.959070336993
13.714286 0.600000000000 0.948330835586
13.714286 1.000000000000 0.935352196744
13.714286 1.400000000000 0.917861093125
13.714286 1.800000000000 0.892826739543
13.714286 2.200000000000 0.856647567805
13.714286 2.600000000000 0.806451562630
13.714286 3.000000000000 0.742504150918
13.714286 3.400000000000 0.665800892933
13.714286 3.800000000000 0.578769594104
13.714286 4.200000000000 0.486044573724
13.714286 4.600000000000 0.393761070066
13.714286 5.000000000000 0.308377549518
13.714286 5.400000000000 0.266810554915
13.714286 5.800000000000 0.264835713712
13.714286 6.200000000000 0.264608284355
13.714286 6.600000000000 0.264602161327

14.142857 -7.000000000000 1.000054466956
14.142857 -6.600000000000 1.000054466956
14.142857 -6.200000000000 1.000054466956
14.142857 -5.800000000000 1.000054466956
14.142857 -5.400000000000 1.000054466956
14.142857 -5.000000000000 1.000054466956
14.142857 -4.600000000000 1.000054466956
14.142857 -4.200000000000 1.000054466956
14.142857 -3.800000000000 1.000054466956
14.142857 -3.400000000000 1.000054466956
14.142857 -3.000000000000 1.000048999945
14.142857 -2.600000000000 1.000036979963
14.142857 -2.200000000000 0.999996512692
14.142857 -1.800000000000 0.999862222358
14.142857 -1.400000000000 0.999416831080
14.142857 -1.000000000000 0.997942089271
14.142857 -0.600000000000 0.993083649283
14.142857 -0.200000000000 0.979033499542
14.142857 0.200000000000 0.972260404487
14.142857 0.600000000000 0.964945641570
14.142857 1.000000000000 0.955970414894
14.142857 1.400000000000 0.943723028055
14.142857 1.800000000000 0.925912131937
14.142857 2.200000000000 0.899684603833
14.142857 2.600000000000 0.862563938703
14.142857 3.000000000000 0.814339893214
14.142857 3.400000000000 0.754825453998
14.142857 3.800000000000 0.684957091698
14.142857 4.200000000000 0.607587296013
14.142857 4.600000000000 0.527261041924
14.142857 5.000000000000 0.449258839182
14.142857 5.400000000000 0.415625509346
14.142857 5.800000000000 0.415625509346
14.142857 6.200000000000 0.415625509346
14.142857 6.600000000000 0.415625509346

14.571429 -7.000000000000 1.000123162430
14.571429 -6.600000000000 1.000123162430
14.571429 -6.200000000000 1.000123162430
14.571429 -5.800000000000 1.000123162430
14.571429 -5.400000000000 1.000123162430
14.571429 -5.000000000000 1.000123162430
14.571429 -4.600000000000 1.000123162430
14.571429 -4.200000000000 1.000123162430
14.571429 -3.800000000000 1.000123162430
14.571429 -3.400000000000 1.000123162430
14.571429 -3.000000000000 1.000120331882
14.571429 -2.600000000000 1.000114108530
14.571429 -2.200000000000 1.000093156580
14.571429 -1.800000000000 1.000023627693
14.571429 -1.400000000000 0.999793026137
14.571429 -1.000000000000 0.999029477831
14.571429 -0.600000000000 0.996514018107
14.571429 -0.200000000000 0.989239546079
14.571429 0.200000000000 0.985732772740
14.571429 0.600000000000 0.981945550596
14.571429 1.000000000000 0.977298622513
14.571429 1.400000000000 0.970957531876
14.571429 1.800000000000 0.961735931538
14.571429 2.200000000000 0.948156615797
14.571429 2.600000000000 0.928937372934
14.571429 3.000000000000 0.903969349359
14.571429 3.400000000000 0.873155718807
14.571429 3.800000000000 0.836981339421
14.571429 4.200000000000 0.796923089162
14.571429 4.600000000000 0.755334131093
14.571429 5.000000000000 0.714948451765
14.571429 5.400000000000 0.697534778488
14.571429 5.800000000000 0.697534778488
14.571429 6.200000000000 0.697534778488
14.571429 6.600000000000 0.697534778488

