0.00001 10.8685 0.620271 0.0313603 0.0313504 0 0.991653 -62.6113 143.022
0.00101 0.89997 0.487294 0.0309973 0.0304364 0.611397 0.87359 -190.394 55.4953
0.00201 0.717498 0.455873 0.0303256 0.0295859 0.71134 0.830912 -53.6648 33.8733
0.00301 0.626358 0.43479 0.0295936 0.0287702 0.74799 0.801998 -24.774 24.9567
0.00401 0.566422 0.418322 0.0288356 0.0279797 0.766127 0.779751 -12.9043 19.9447
0.00501 0.522119 0.404525 0.0280642 0.0272093 0.775532 0.761538 -6.46174 16.6906
0.00601 0.487183 0.392488 0.0272862 0.0264557 0.779813 0.746058 -2.37089 14.3906
0.00701 0.458481 0.381702 0.0265057 0.0257166 0.780667 0.732566 0.514127 12.6708
0.00801 0.434228 0.371854 0.0257257 0.0249901 0.77901 0.720591 2.71275 11.332
0.00901 0.413314 0.362735 0.0249484 0.024275 0.775379 0.709815 4.49229 10.2578
0.01001 0.395 0.354198 0.0241755 0.0235702 0.770114 0.700012 6.00288 9.3754
0.01101 0.378772 0.346137 0.0234086 0.0228747 0.763433 0.691017 7.33409 8.63666
0.01201 0.364258 0.338469 0.022649 0.0221879 0.755486 0.682702 8.54156 8.00852
0.01301 0.351179 0.331132 0.021898 0.0215091 0.746379 0.674971 9.66051 7.46745
0.01401 0.339323 0.324075 0.0211566 0.0208378 0.736187 0.667744 10.7132 6.9962
0.01501 0.328523 0.317257 0.020426 0.0201735 0.72497 0.66096 11.7129 6.58188
0.01601 0.318647 0.310645 0.019707 0.0195157 0.712776 0.654565 12.6671 6.21457
0.01701 0.309588 0.30421 0.0190007 0.0188642 0.69965 0.648517 13.5783 5.8866
0.01801 0.301259 0.297927 0.018308 0.0182186 0.685634 0.642781 14.4457 5.59186
0.01901 0.293585 0.291774 0.0176297 0.0175786 0.670774 0.637324 15.2661 5.32549
0.02001 0.286505 0.285734 0.0169667 0.0169439 0.65512 0.632122 16.0339 5.08351
0.02101 0.279968 0.279791 0.0163198 0.0163142 0.638726 0.62715 16.7426 4.86269
0.02201 0.273928 0.273928 0.0156895 0.0156895 0.621656 0.621656 17.3847 16.2592
0.02301 0.268346 0.268346 0.0150766 0.0150766 0.603981 0.603981 17.9523 17.9523
0.02401 0.263187 0.263187 0.0144817 0.0144817 0.585779 0.585779 18.438 18.438
0.02501 0.258422 0.258422 0.0139052 0.0139052 0.567135 0.567135 18.835 18.835
0.02601 0.254021 0.254021 0.0133476 0.0133476 0.54814 0.54814 19.1379 19.1379
0.02701 0.249961 0.249961 0.012809 0.012809 0.528891 0.528891 19.3429 19.3429
0.02801 0.246217 0.246217 0.0122898 0.0122898 0.509488 0.509488 19.448 19.448
0.02901 0.242769 0.242769 0.0117901 0.0117901 0.490029 0.490029 19.4533 19.4533
0.03001 0.239597 0.239597 0.0113098 0.0113098 0.470613 0.470613 19.361 19.361
0.03101 0.236683 0.236683 0.0108488 0.0108488 0.451337 0.451337 19.1755 19.1755
0.03201 0.234008 0.234008 0.010407 0.010407 0.432291 0.432291 18.9027 18.9027
0.03301 0.231557 0.231557 0.00998412 0.00998412 0.413559 0.413559 18.5503 18.5503
0.03401 0.229313 0.229313 0.00957977 0.00957977 0.395214 0.395214 18.1273 18.1273
0.03501 0.227263 0.227263 0.00919354 0.00919354 0.377324 0.377324 17.643 17.643
0.03601 0.225391 0.225391 0.00882495 0.00882495 0.359945 0.359945 17.1076 17.1076
0.03701 0.223686 0.223686 0.00847347 0.00847347 0.343123 0.343123 16.5312 16.5312
0.03801 0.222134 0.222134 0.00813851 0.00813851 0.326893 0.326893 15.9236 15.9236
0.03901 0.220725 0.220725 0.00781947 0.00781947 0.311283 0.311283 15.294 15.294
0.04001 0.219446 0.219446 0.00751573 0.00751573 0.296309 0.296309 14.651 14.651
0.04101 0.218288 0.218288 0.00722664 0.00722664 0.281982 0.281982 14.0023 14.0023
0.04201 0.217242 0.217242 0.00695155 0.00695155 0.268304 0.268304 13.3546 13.3546
0.04301 0.216297 0.216297 0.00668982 0.00668982 0.255271 0.255271 12.7137 12.7137
0.04401 0.215447 0.215447 0.0064408 0.0064408 0.242873 0.242873 12.0844 12.0844
0.04501 0.214683 0.214683 0.00620386 0.00620386 0.231097 0.231097 11.4707 11.4707
0.04601 0.213998 0.213998 0.0059784 0.0059784 0.219925 0.219925 10.8757 10.8757
0.04701 0.213386 0.213386 0.00576382 0.00576382 0.209339 0.209339 10.3016 10.3016
0.04801 0.21284 0.21284 0.00555954 0.00555954 0.199315 0.199315 9.75024 9.75024
0.04901 0.212355 0.212355 0.00536501 0.00536501 0.18983 0.18983 9.22265 9.22265
0.05001 0.211926 0.211926 0.0051797 0.0051797 0.180861 0.180861 8.71947 8.71947
0.05101 0.211548 0.211548 0.00500312 0.00500312 0.172383 0.172383 8.24092 8.24092
0.05201 0.211216 0.211216 0.00483478 0.00483478 0.164371 0.164371 7.78688 7.78688
0.05301 0.210927 0.210927 0.00467423 0.00467423 0.156801 0.156801 7.35697 7.35697
0.05401 0.210677 0.210677 0.00452104 0.00452104 0.14965 0.14965 6.95063 6.95063
0.05501 0.210463 0.210463 0.0043748 0.0043748 0.142893 0.142893 6.5671 6.5671
0.05601 0.210281 0.210281 0.00423513 0.00423513 0.136508 0.136508 6.20556 6.20556
0.05701 0.210129 0.210129 0.00410167 0.00410167 0.130475 0.130475 5.86507 5.86507
0.05801 0.210004 0.210004 0.00397407 0.00397407 0.124771 0.124771 5.54466 5.54466
0.05901 0.209904 0.209904 0.00385202 0.00385202 0.119379 0.119379 5.24333 5.24333
0.06001 0.209827 0.209827 0.00373522 0.00373522 0.114279 0.114279 4.96007 4.96007
0.06101 0.20977 0.20977 0.00362337 0.00362337 0.109453 0.109453 4.69391 4.69391
0.06201 0.209732 0.209732 0.00351622 0.00351622 0.104885 0.104885 4.44384 4.44384
0.06301 0.209712 0.209712 0.00341352 0.00341352 0.10056 0.10056 4.20894 4.20894
0.06401 0.209707 0.209707 0.00331503 0.00331503 0.0964629 0.0964629 3.98828 3.98828
0.06501 0.209716 0.209716 0.00322052 0.00322052 0.0925793 0.0925793 3.781 3.781
0.06601 0.209738 0.209738 0.0031298 0.0031298 0.0888967 0.0888967 3.58624 3.58624
0.06701 0.209773 0.209773 0.00304267 0.00304267 0.085403 0.085403 3.40323 3.40323
0.06801 0.209818 0.209818 0.00295894 0.00295894 0.0820866 0.0820866 3.23122 3.23122
0.06901 0.209873 0.209873 0.00287844 0.00287844 0.0789371 0.0789371 3.06949 3.06949
0.07001 0.209936 0.209936 0.00280101 0.00280101 0.0759445 0.0759445 2.91738 2.91738
0.07101 0.210008 0.210008 0.0027265 0.0027265 0.0730994 0.0730994 2.77427 2.77427
0.07201 0.210088 0.210088 0.00265477 0.00265477 0.0703931 0.0703931 2.63957 2.63957
0.07301 0.210174 0.210174 0.00258567 0.00258567 0.0678176 0.0678176 2.51274 2.51274
0.07401 0.210266 0.210266 0.00251909 0.00251909 0.0653652 0.0653652 2.39326 2.39326
0.07501 0.210363 0.210363 0.0024549 0.0024549 0.0630288 0.0630288 2.28066 2.28066
0.07601 0.210465 0.210465 0.002393 0.002393 0.0608018 0.0608018 2.17449 2.17449
0.07701 0.210572 0.210572 0.00233326 0.00233326 0.0586778 0.0586778 2.07434 2.07434
0.07801 0.210683 0.210683 0.00227561 0.00227561 0.0566512 0.0566512 1.97981 1.97981
0.07901 0.210797 0.210797 0.00221993 0.00221993 0.0547165 0.0547165 1.89055 1.89055
0.08001 0.210914 0.210914 0.00216615 0.00216615 0.0528685 0.0528685 1.80622 1.80622
0.08101 0.211034 0.211034 0.00211417 0.00211417 0.0511025 0.0511025 1.7265 1.7265
0.08201 0.211157 0.211157 0.00206391 0.00206391 0.0494141 0.0494141 1.65112 1.65112
0.08301 0.211282 0.211282 0.00201531 0.00201531 0.0477989 0.0477989 1.57978 1.57978
0.08401 0.211408 0.211408 0.00196829 0.00196829 0.0462532 0.0462532 1.51225 1.51225
0.08501 0.211537 0.211537 0.00192279 0.00192279 0.0447733 0.0447733 1.44829 1.44829
0.08601 0.211666 0.211666 0.00187873 0.00187873 0.0433556 0.0433556 1.38767 1.38767
0.08701 0.211797 0.211797 0.00183605 0.00183605 0.0419969 0.0419969 1.33019 1.33019
0.08801 0.211929 0.211929 0.00179471 0.00179471 0.0406942 0.0406942 1.27566 1.27566
0.08901 0.212062 0.212062 0.00175465 0.00175465 0.0394446 0.0394446 1.22391 1.22391
0.09001 0.212195 0.212195 0.00171581 0.00171581 0.0382455 0.0382455 1.17476 1.17476
0.09101 0.212329 0.212329 0.00167814 0.00167814 0.0370943 0.0370943 1.12807 1.12807
0.09201 0.212464 0.212464 0.0016416 0.0016416 0.0359886 0.0359886 1.08368 1.08368
0.09301 0.212598 0.212598 0.00160615 0.00160615 0.0349262 0.0349262 1.04147 1.04147
0.09401 0.212733 0.212733 0.00157174 0.00157174 0.033905 0.033905 1.00131 1.00131
0.09501 0.212867 0.212867 0.00153833 0.00153833 0.0329229 0.0329229 0.963078 0.963078
0.09601 0.213002 0.213002 0.00150588 0.00150588 0.0319782 0.0319782 0.926666 0.926666
0.09701 0.213136 0.213136 0.00147436 0.00147436 0.031069 0.031069 0.891971 0.891971
0.09801 0.21327 0.21327 0.00144373 0.00144373 0.0301937 0.0301937 0.858898 0.858898
0.09901 0.213403 0.213403 0.00141396 0.00141396 0.0293507 0.0293507 0.827355 0.827355
0.10001 0.213537 0.213537 0.00138502 0.00138502 0.0285386 0.0285386 0.797259 0.797259
0.10101 0.213669 0.213669 0.00135687 0.00135687 0.0277558 0.0277558 0.768531 0.768531
0.10201 0.213801 0.213801 0.0013295 0.0013295 0.0270011 0.0270011 0.741097 0.741097
0.10301 0.213933 0.213933 0.00130286 0.00130286 0.0262732 0.0262732 0.714886 0.714886
0.10401 0.214064 0.214064 0.00127694 0.00127694 0.0255709 0.0255709 0.689834 0.689834
0.10501 0.214194 0.214194 0.00125171 0.00125171 0.0248931 0.0248931 0.66588 0.66588
0.10601 0.214323 0.214323 0.00122715 0.00122715 0.0242388 0.0242388 0.642966 0.642966
0.10701 0.214452 0.214452 0.00120323 0.00120323 0.0236069 0.0236069 0.621037 0.621037
0.10801 0.21458 0.21458 0.00117993 0.00117993 0.0229964 0.0229964 0.600044 0.600044
0.10901 0.214706 0.214706 0.00115723 0.00115723 0.0224065 0.0224065 0.579939 0.579939
0.11001 0.214832 0.214832 0.00113511 0.00113511 0.0218363 0.0218363 0.560675 0.560675
0.11101 0.214958 0.214958 0.00111355 0.00111355 0.0212849 0.0212849 0.542212 0.542212
0.11201 0.215082 0.215082 0.00109253 0.00109253 0.0207516 0.0207516 0.524509 0.524509
0.11301 0.215205 0.215205 0.00107204 0.00107204 0.0202356 0.0202356 0.507529 0.507529
0.11401 0.215327 0.215327 0.00105206 0.00105206 0.0197363 0.0197363 0.491236 0.491236
0.11501 0.215449 0.215449 0.00103256 0.00103256 0.0192529 0.0192529 0.475597 0.475597
0.11601 0.215569 0.215569 0.00101354 0.00101354 0.0187849 0.0187849 0.46058 0.46058
0.11701 0.215688 0.215688 0.000994987 0.000994987 0.0183316 0.0183316 0.446156 0.446156
0.11801 0.215806 0.215806 0.000976877 0.000976877 0.0178924 0.0178924 0.432296 0.432296
0.11901 0.215924 0.215924 0.000959198 0.000959198 0.0174668 0.0174668 0.418974 0.418974
0.12001 0.21604 0.21604 0.000941939 0.000941939 0.0170543 0.0170543 0.406164 0.406164
0.12101 0.216155 0.216155 0.000925085 0.000925085 0.0166543 0.0166543 0.393844 0.393844
0.12201 0.216269 0.216269 0.000908626 0.000908626 0.0162664 0.0162664 0.38199 0.38199
0.12301 0.216382 0.216382 0.000892549 0.000892549 0.0158902 0.0158902 0.370582 0.370582
0.12401 0.216494 0.216494 0.000876842 0.000876842 0.0155251 0.0155251 0.359598 0.359598
0.12501 0.216605 0.216605 0.000861495 0.000861495 0.0151709 0.0151709 0.349021 0.349021
0.12601 0.216715 0.216715 0.000846497 0.000846497 0.014827 0.014827 0.338832 0.338832
0.12701 0.216824 0.216824 0.000831837 0.000831837 0.0144931 0.0144931 0.329013 0.329013
0.12801 0.216932 0.216932 0.000817507 0.000817507 0.0141688 0.0141688 0.31955 0.31955
0.12901 0.217039 0.217039 0.000803497 0.000803497 0.0138539 0.0138539 0.310425 0.310425
0.13001 0.217144 0.217144 0.000789797 0.000789797 0.0135479 0.0135479 0.301625 0.301625
0.13101 0.217249 0.217249 0.000776398 0.000776398 0.0132505 0.0132505 0.293135 0.293135
0.13201 0.217353 0.217353 0.000763293 0.000763293 0.0129615 0.0129615 0.284943 0.284943
0.13301 0.217455 0.217455 0.000750472 0.000750472 0.0126805 0.0126805 0.277036 0.277036
0.13401 0.217557 0.217557 0.000737929 0.000737929 0.0124073 0.0124073 0.269402 0.269402
0.13501 0.217657 0.217657 0.000725655 0.000725655 0.0121416 0.0121416 0.262029 0.262029
0.13601 0.217757 0.217757 0.000713643 0.000713643 0.0118832 0.0118832 0.254907 0.254907
0.13701 0.217855 0.217855 0.000701887 0.000701887 0.0116317 0.0116317 0.248025 0.248025
0.13801 0.217953 0.217953 0.000690378 0.000690378 0.0113871 0.0113871 0.241375 0.241375
0.13901 0.218049 0.218049 0.00067911 0.00067911 0.0111489 0.0111489 0.234945 0.234945
0.14001 0.218145 0.218145 0.000668078 0.000668078 0.0109171 0.0109171 0.228729 0.228729
0.14101 0.218239 0.218239 0.000657274 0.000657274 0.0106914 0.0106914 0.222716 0.222716
0.14201 0.218332 0.218332 0.000646693 0.000646693 0.0104716 0.0104716 0.216899 0.216899
0.14301 0.218425 0.218425 0.000636329 0.000636329 0.0102575 0.0102575 0.211271 0.211271
0.14401 0.218516 0.218516 0.000626176 0.000626176 0.010049 0.010049 0.205823 0.205823
0.14501 0.218607 0.218607 0.000616229 0.000616229 0.00984583 0.00984583 0.20055 0.20055
0.14601 0.218697 0.218697 0.000606483 0.000606483 0.00964785 0.00964785 0.195443 0.195443
0.14701 0.218785 0.218785 0.000596932 0.000596932 0.00945489 0.00945489 0.190498 0.190498
0.14801 0.218873 0.218873 0.000587571 0.000587571 0.0092668 0.0092668 0.185707 0.185707
0.14901 0.218959 0.218959 0.000578397 0.000578397 0.00908343 0.00908343 0.181065 0.181065
0.15001 0.219045 0.219045 0.000569403 0.000569403 0.00890462 0.00890462 0.176567 0.176567
0.15101 0.21913 0.21913 0.000560586 0.000560586 0.00873025 0.00873025 0.172207 0.172207
0.15201 0.219214 0.219214 0.000551941 0.000551941 0.00856017 0.00856017 0.167979 0.167979
0.15301 0.219297 0.219297 0.000543464 0.000543464 0.00839425 0.00839425 0.16388 0.16388
0.15401 0.219379 0.219379 0.000535151 0.000535151 0.00823236 0.00823236 0.159904 0.159904
0.15501 0.219461 0.219461 0.000526998 0.000526998 0.0080744 0.0080744 0.156047 0.156047
0.15601 0.219541 0.219541 0.000519001 0.000519001 0.00792023 0.00792023 0.152305 0.152305
0.15701 0.21962 0.21962 0.000511156 0.000511156 0.00776975 0.00776975 0.148673 0.148673
0.15801 0.219699 0.219699 0.00050346 0.00050346 0.00762285 0.00762285 0.145148 0.145148
0.15901 0.219777 0.219777 0.00049591 0.00049591 0.00747942 0.00747942 0.141726 0.141726
0.16001 0.219854 0.219854 0.0004885 0.0004885 0.00733936 0.00733936 0.138403 0.138403
0.16101 0.21993 0.21993 0.00048123 0.00048123 0.00720258 0.00720258 0.135176 0.135176
0.16201 0.220005 0.220005 0.000474094 0.000474094 0.00706898 0.00706898 0.132041 0.132041
0.16301 0.22008 0.22008 0.000467091 0.000467091 0.00693847 0.00693847 0.128996 0.128996
0.16401 0.220153 0.220153 0.000460216 0.000460216 0.00681096 0.00681096 0.126037 0.126037
0.16501 0.220226 0.220226 0.000453468 0.000453468 0.00668637 0.00668637 0.123161 0.123161
0.16601 0.220298 0.220298 0.000446843 0.000446843 0.00656461 0.00656461 0.120366 0.120366
0.16701 0.220369 0.220369 0.000440338 0.000440338 0.00644561 0.00644561 0.117648 0.117648
0.16801 0.22044 0.22044 0.00043395 0.00043395 0.00632929 0.00632929 0.115006 0.115006
0.16901 0.220509 0.220509 0.000427678 0.000427678 0.00621558 0.00621558 0.112436 0.112436
0.17001 0.220578 0.220578 0.000421518 0.000421518 0.0061044 0.0061044 0.109937 0.109937
0.17101 0.220646 0.220646 0.000415469 0.000415469 0.00599568 0.00599568 0.107505 0.107505
0.17201 0.220714 0.220714 0.000409526 0.000409526 0.00588936 0.00588936 0.10514 0.10514
0.17301 0.22078 0.22078 0.000403689 0.000403689 0.00578538 0.00578538 0.102838 0.102838
0.17401 0.220846 0.220846 0.000397955 0.000397955 0.00568367 0.00568367 0.100598 0.100598
0.17501 0.220911 0.220911 0.000392321 0.000392321 0.00558417 0.00558417 0.098417 0.098417
0.17601 0.220976 0.220976 0.000386786 0.000386786 0.00548682 0.00548682 0.096294 0.096294
0.17701 0.22104 0.22104 0.000381347 0.000381347 0.00539156 0.00539156 0.094227 0.094227
0.17801 0.221103 0.221103 0.000376002 0.000376002 0.00529834 0.00529834 0.092214 0.092214
0.17901 0.221165 0.221165 0.000370749 0.000370749 0.00520711 0.00520711 0.0902535 0.0902535
0.18001 0.221227 0.221227 0.000365587 0.000365587 0.00511782 0.00511782 0.0883438 0.0883438
0.18101 0.221287 0.221287 0.000360513 0.000360513 0.00503041 0.00503041 0.0864833 0.0864833
0.18201 0.221348 0.221348 0.000355526 0.000355526 0.00494484 0.00494484 0.0846706 0.0846706
0.18301 0.221407 0.221407 0.000350623 0.000350623 0.00486105 0.00486105 0.0829041 0.0829041
0.18401 0.221466 0.221466 0.000345803 0.000345803 0.00477901 0.00477901 0.0811824 0.0811824
0.18501 0.221524 0.221524 0.000341064 0.000341064 0.00469867 0.00469867 0.0795041 0.0795041
0.18601 0.221582 0.221582 0.000336405 0.000336405 0.00461999 0.00461999 0.0778681 0.0778681
0.18701 0.221639 0.221639 0.000331824 0.000331824 0.00454292 0.00454292 0.0762729 0.0762729
0.18801 0.221695 0.221695 0.000327319 0.000327319 0.00446743 0.00446743 0.0747175 0.0747175
0.18901 0.221751 0.221751 0.000322888 0.000322888 0.00439348 0.00439348 0.0732005 0.0732005
0.19001 0.221806 0.221806 0.000318531 0.000318531 0.00432102 0.00432102 0.0717209 0.0717209
0.19101 0.221861 0.221861 0.000314246 0.000314246 0.00425002 0.00425002 0.0702775 0.0702775
0.19201 0.221914 0.221914 0.000310031 0.000310031 0.00418045 0.00418045 0.0688694 0.0688694
0.19301 0.221968 0.221968 0.000305884 0.000305884 0.00411227 0.00411227 0.0674954 0.0674954
0.19401 0.22202 0.22202 0.000301806 0.000301806 0.00404545 0.00404545 0.0661547 0.0661547
0.19501 0.222072 0.222072 0.000297793 0.000297793 0.00397995 0.00397995 0.0648461 0.0648461
0.19601 0.222124 0.222124 0.000293845 0.000293845 0.00391575 0.00391575 0.0635689 0.0635689
0.19701 0.222175 0.222175 0.000289961 0.000289961 0.0038528 0.0038528 0.0623221 0.0623221
0.19801 0.222225 0.222225 0.000286139 0.000286139 0.00379109 0.00379109 0.0611049 0.0611049
0.19901 0.222275 0.222275 0.000282379 0.000282379 0.00373059 0.00373059 0.0599164 0.0599164
0.20001 0.222324 0.222324 0.000278678 0.000278678 0.00367125 0.00367125 0.0587558 0.0587558
0.20101 0.222373 0.222373 0.000275036 0.000275036 0.00361307 0.00361307 0.0576223 0.0576223
0.20201 0.222421 0.222421 0.000271451 0.000271451 0.003556 0.003556 0.0565152 0.0565152
0.20301 0.222468 0.222468 0.000267923 0.000267923 0.00350003 0.00350003 0.0554338 0.0554338
0.20401 0.222515 0.222515 0.000264451 0.000264451 0.00344512 0.00344512 0.0543773 0.0543773
0.20501 0.222562 0.222562 0.000261033 0.000261033 0.00339126 0.00339126 0.0533451 0.0533451
0.20601 0.222608 0.222608 0.000257668 0.000257668 0.00333842 0.00333842 0.0523364 0.0523364
0.20701 0.222653 0.222653 0.000254356 0.000254356 0.00328658 0.00328658 0.0513508 0.0513508
0.20801 0.222698 0.222698 0.000251094 0.000251094 0.00323572 0.00323572 0.0503874 0.0503874
0.20901 0.222742 0.222742 0.000247884 0.000247884 0.0031858 0.0031858 0.0494458 0.0494458
0.21001 0.222786 0.222786 0.000244723 0.000244723 0.00313682 0.00313682 0.0485254 0.0485254
0.21101 0.22283 0.22283 0.00024161 0.00024161 0.00308874 0.00308874 0.0476255 0.0476255
0.21201 0.222873 0.222873 0.000238545 0.000238545 0.00304156 0.00304156 0.0467457 0.0467457
0.21301 0.222915 0.222915 0.000235526 0.000235526 0.00299525 0.00299525 0.0458854 0.0458854
0.21401 0.222957 0.222957 0.000232554 0.000232554 0.00294978 0.00294978 0.0450442 0.0450442
0.21501 0.222998 0.222998 0.000229627 0.000229627 0.00290515 0.00290515 0.0442214 0.0442214
0.21601 0.223039 0.223039 0.000226743 0.000226743 0.00286133 0.00286133 0.0434166 0.0434166
0.21701 0.22308 0.22308 0.000223904 0.000223904 0.00281831 0.00281831 0.0426294 0.0426294
0.21801 0.22312 0.22312 0.000221107 0.000221107 0.00277607 0.00277607 0.0418593 0.0418593
0.21901 0.22316 0.22316 0.000218351 0.000218351 0.00273459 0.00273459 0.0411058 0.0411058
0.22001 0.223199 0.223199 0.000215637 0.000215637 0.00269385 0.00269385 0.0403686 0.0403686
0.22101 0.223237 0.223237 0.000212963 0.000212963 0.00265385 0.00265385 0.0396472 0.0396472
0.22201 0.223276 0.223276 0.000210329 0.000210329 0.00261455 0.00261455 0.0389413 0.0389413
0.22301 0.223313 0.223313 0.000207734 0.000207734 0.00257596 0.00257596 0.0382503 0.0382503
0.22401 0.223351 0.223351 0.000205177 0.000205177 0.00253805 0.00253805 0.037574 0.037574
0.22501 0.223388 0.223388 0.000202658 0.000202658 0.00250081 0.00250081 0.036912 0.036912
0.22601 0.223424 0.223424 0.000200175 0.000200175 0.00246422 0.00246422 0.0362639 0.0362639
0.22701 0.22346 0.22346 0.000197729 0.000197729 0.00242827 0.00242827 0.0356294 0.0356294
0.22801 0.223496 0.223496 0.000195318 0.000195318 0.00239295 0.00239295 0.0350082 0.0350082
0.22901 0.223531 0.223531 0.000192943 0.000192943 0.00235825 0.00235825 0.0343998 0.0343998
0.23001 0.223566 0.223566 0.000190602 0.000190602 0.00232415 0.00232415 0.0338041 0.0338041
0.23101 0.2236 0.2236 0.000188294 0.000188294 0.00229064 0.00229064 0.0332207 0.0332207
0.23201 0.223634 0.223634 0.00018602 0.00018602 0.00225771 0.00225771 0.0326492 0.0326492
0.23301 0.223668 0.223668 0.000183779 0.000183779 0.00222534 0.00222534 0.0320895 0.0320895
0.23401 0.223701 0.223701 0.000181569 0.000181569 0.00219352 0.00219352 0.0315412 0.0315412
0.23501 0.223734 0.223734 0.000179392 0.000179392 0.00216225 0.00216225 0.031004 0.031004
0.23601 0.223766 0.223766 0.000177245 0.000177245 0.00213151 0.00213151 0.0304777 0.0304777
0.23701 0.223798 0.223798 0.000175128 0.000175128 0.00210129 0.00210129 0.029962 0.029962
0.23801 0.22383 0.22383 0.000173042 0.000173042 0.00207158 0.00207158 0.0294567 0.0294567
0.23901 0.223861 0.223861 0.000170985 0.000170985 0.00204238 0.00204238 0.0289615 0.0289615
0.24001 0.223892 0.223892 0.000168957 0.000168957 0.00201366 0.00201366 0.0284762 0.0284762
0.24101 0.223923 0.223923 0.000166958 0.000166958 0.00198542 0.00198542 0.0280006 0.0280006
0.24201 0.223953 0.223953 0.000164986 0.000164986 0.00195765 0.00195765 0.0275344 0.0275344
0.24301 0.223983 0.223983 0.000163042 0.000163042 0.00193035 0.00193035 0.0270774 0.0270774
0.24401 0.224012 0.224012 0.000161125 0.000161125 0.0019035 0.0019035 0.0266293 0.0266293
0.24501 0.224042 0.224042 0.000159235 0.000159235 0.00187709 0.00187709 0.0261901 0.0261901
0.24601 0.22407 0.22407 0.000157371 0.000157371 0.00185111 0.00185111 0.0257594 0.0257594
0.24701 0.224099 0.224099 0.000155533 0.000155533 0.00182556 0.00182556 0.0253372 0.0253372
0.24801 0.224127 0.224127 0.00015372 0.00015372 0.00180044 0.00180044 0.0249231 0.0249231
0.24901 0.224155 0.224155 0.000151932 0.000151932 0.00177572 0.00177572 0.024517 0.024517
0.25001 0.224182 0.224182 0.000150168 0.000150168 0.0017514 0.0017514 0.0241188 0.0241188
0.25101 0.224209 0.224209 0.000148429 0.000148429 0.00172748 0.00172748 0.0237282 0.0237282
0.25201 0.224236 0.224236 0.000146713 0.000146713 0.00170394 0.00170394 0.0233451 0.0233451
0.25301 0.224262 0.224262 0.000145021 0.000145021 0.00168078 0.00168078 0.0229692 0.0229692
0.25401 0.224289 0.224289 0.000143351 0.000143351 0.001658 0.001658 0.0226006 0.0226006
0.25501 0.224314 0.224314 0.000141705 0.000141705 0.00163558 0.00163558 0.0222389 0.0222389
0.25601 0.22434 0.22434 0.00014008 0.00014008 0.00161352 0.00161352 0.0218841 0.0218841
0.25701 0.224365 0.224365 0.000138477 0.000138477 0.00159181 0.00159181 0.0215359 0.0215359
0.25801 0.22439 0.22439 0.000136896 0.000136896 0.00157045 0.00157045 0.0211942 0.0211942
0.25901 0.224414 0.224414 0.000135336 0.000135336 0.00154942 0.00154942 0.020859 0.020859
0.26001 0.224439 0.224439 0.000133797 0.000133797 0.00152873 0.00152873 0.02053 0.02053
0.26101 0.224463 0.224463 0.000132279 0.000132279 0.00150836 0.00150836 0.0202071 0.0202071
0.26201 0.224486 0.224486 0.000130781 0.000130781 0.00148831 0.00148831 0.0198902 0.0198902
0.26301 0.224509 0.224509 0.000129302 0.000129302 0.00146857 0.00146857 0.0195791 0.0195791
0.26401 0.224533 0.224533 0.000127843 0.000127843 0.00144915 0.00144915 0.0192738 0.0192738
0.26501 0.224555 0.224555 0.000126404 0.000126404 0.00143003 0.00143003 0.0189741 0.0189741
0.26601 0.224578 0.224578 0.000124983 0.000124983 0.0014112 0.0014112 0.0186798 0.0186798
0.26701 0.2246 0.2246 0.000123581 0.000123581 0.00139266 0.00139266 0.0183909 0.0183909
0.26801 0.224622 0.224622 0.000122198 0.000122198 0.00137442 0.00137442 0.0181073 0.0181073
0.26901 0.224643 0.224643 0.000120832 0.000120832 0.00135645 0.00135645 0.0178288 0.0178288
0.27001 0.224665 0.224665 0.000119485 0.000119485 0.00133876 0.00133876 0.0175553 0.0175553
0.27101 0.224686 0.224686 0.000118155 0.000118155 0.00132134 0.00132134 0.0172868 0.0172868
0.27201 0.224707 0.224707 0.000116842 0.000116842 0.00130418 0.00130418 0.0170231 0.0170231
0.27301 0.224727 0.224727 0.000115546 0.000115546 0.00128729 0.00128729 0.0167641 0.0167641
0.27401 0.224747 0.224747 0.000114267 0.000114267 0.00127065 0.00127065 0.0165097 0.0165097
0.27501 0.224767 0.224767 0.000113005 0.000113005 0.00125427 0.00125427 0.0162598 0.0162598
0.27601 0.224787 0.224787 0.000111759 0.000111759 0.00123813 0.00123813 0.0160144 0.0160144
0.27701 0.224807 0.224807 0.000110529 0.000110529 0.00122224 0.00122224 0.0157733 0.0157733
0.27801 0.224826 0.224826 0.000109314 0.000109314 0.00120658 0.00120658 0.0155365 0.0155365
0.27901 0.224845 0.224845 0.000108115 0.000108115 0.00119116 0.00119116 0.0153038 0.0153038
0.28001 0.224864 0.224864 0.000106932 0.000106932 0.00117597 0.00117597 0.0150752 0.0150752
0.28101 0.224882 0.224882 0.000105763 0.000105763 0.00116101 0.00116101 0.0148506 0.0148506
0.28201 0.2249 0.2249 0.00010461 0.00010461 0.00114627 0.00114627 0.0146299 0.0146299
0.28301 0.224918 0.224918 0.000103471 0.000103471 0.00113175 0.00113175 0.014413 0.014413
0.28401 0.224936 0.224936 0.000102346 0.000102346 0.00111744 0.00111744 0.0141999 0.0141999
0.28501 0.224953 0.224953 0.000101236 0.000101236 0.00110335 0.00110335 0.0139905 0.0139905
0.28601 0.224971 0.224971 0.000100139 0.000100139 0.00108946 0.00108946 0.0137847 0.0137847
0.28701 0.224988 0.224988 0.0000990567 0.0000990567 0.00107578 0.00107578 0.0135824 0.0135824
0.28801 0.225004 0.225004 0.0000979877 0.0000979877 0.0010623 0.0010623 0.0133836 0.0133836
0.28901 0.225021 0.225021 0.000096932 0.000096932 0.00104901 0.00104901 0.0131882 0.0131882
0.29001 0.225037 0.225037 0.0000958896 0.0000958896 0.00103592 0.00103592 0.0129961 0.0129961
0.29101 0.225053 0.225053 0.0000948601 0.0000948601 0.00102302 0.00102302 0.0128073 0.0128073
0.29201 0.225069 0.225069 0.0000938435 0.0000938435 0.0010103 0.0010103 0.0126216 0.0126216
0.29301 0.225085 0.225085 0.0000928395 0.0000928395 0.000997772 0.000997772 0.0124391 0.0124391
0.29401 0.2251 0.2251 0.0000918479 0.0000918479 0.000985423 0.000985423 0.0122597 0.0122597
0.29501 0.225116 0.225116 0.0000908686 0.0000908686 0.000973251 0.000973251 0.0120833 0.0120833
0.29601 0.225131 0.225131 0.0000899013 0.0000899013 0.000961255 0.000961255 0.0119099 0.0119099
0.29701 0.225145 0.225145 0.000088946 0.000088946 0.000949431 0.000949431 0.0117393 0.0117393
0.29801 0.22516 0.22516 0.0000880024 0.0000880024 0.000937775 0.000937775 0.0115716 0.0115716
0.29901 0.225174 0.225174 0.0000870704 0.0000870704 0.000926287 0.000926287 0.0114067 0.0114067
0.30001 0.225188 0.225188 0.0000861498 0.0000861498 0.000914961 0.000914961 0.0112445 0.0112445
0.30101 0.225202 0.225202 0.0000852404 0.0000852404 0.000903797 0.000903797 0.011085 0.011085
0.30201 0.225216 0.225216 0.0000843421 0.0000843421 0.00089279 0.00089279 0.0109281 0.0109281
0.30301 0.225229 0.225229 0.0000834548 0.0000834548 0.00088194 0.00088194 0.0107738 0.0107738
0.30401 0.225243 0.225243 0.0000825782 0.0000825782 0.000871242 0.000871242 0.010622 0.010622
0.30501 0.225256 0.225256 0.0000817122 0.0000817122 0.000860695 0.000860695 0.0104727 0.0104727
0.30601 0.225269 0.225269 0.0000808568 0.0000808568 0.000850296 0.000850296 0.0103259 0.0103259
0.30701 0.225282 0.225282 0.0000800116 0.0000800116 0.000840042 0.000840042 0.0101814 0.0101814
0.30801 0.225294 0.225294 0.0000791766 0.0000791766 0.000829932 0.000829932 0.0100393 0.0100393
0.30901 0.225306 0.225306 0.0000783517 0.0000783517 0.000819963 0.000819963 0.00989948 0.00989948
0.31001 0.225319 0.225319 0.0000775367 0.0000775367 0.000810132 0.000810132 0.00976191 0.00976191
0.31101 0.22533 0.22533 0.0000767314 0.0000767314 0.000800438 0.000800438 0.00962657 0.00962657
0.31201 0.225342 0.225342 0.0000759357 0.0000759357 0.000790878 0.000790878 0.00949339 0.00949339
0.31301 0.225354 0.225354 0.0000751496 0.0000751496 0.000781451 0.000781451 0.00936236 0.00936236
0.31401 0.225365 0.225365 0.0000743728 0.0000743728 0.000772153 0.000772153 0.00923341 0.00923341
0.31501 0.225376 0.225376 0.0000736052 0.0000736052 0.000762983 0.000762983 0.00910652 0.00910652
0.31601 0.225387 0.225387 0.0000728468 0.0000728468 0.000753939 0.000753939 0.00898165 0.00898165
0.31701 0.225398 0.225398 0.0000720973 0.0000720973 0.000745019 0.000745019 0.00885876 0.00885876
0.31801 0.225409 0.225409 0.0000713567 0.0000713567 0.000736221 0.000736221 0.00873781 0.00873781
0.31901 0.225419 0.225419 0.0000706248 0.0000706248 0.000727543 0.000727543 0.00861878 0.00861878
0.32001 0.22543 0.22543 0.0000699016 0.0000699016 0.000718983 0.000718983 0.00850162 0.00850162
0.32101 0.22544 0.22544 0.0000691868 0.0000691868 0.000710539 0.000710539 0.00838629 0.00838629
0.32201 0.22545 0.22545 0.0000684805 0.0000684805 0.00070221 0.00070221 0.00827278 0.00827278
0.32301 0.225459 0.225459 0.0000677824 0.0000677824 0.000693993 0.000693993 0.00816104 0.00816104
0.32401 0.225469 0.225469 0.0000670924 0.0000670924 0.000685887 0.000685887 0.00805104 0.00805104
0.32501 0.225479 0.225479 0.0000664106 0.0000664106 0.00067789 0.00067789 0.00794276 0.00794276
0.32601 0.225488 0.225488 0.0000657366 0.0000657366 0.000670001 0.000670001 0.00783615 0.00783615
0.32701 0.225497 0.225497 0.0000650705 0.0000650705 0.000662218 0.000662218 0.0077312 0.0077312
0.32801 0.225506 0.225506 0.0000644122 0.0000644122 0.000654538 0.000654538 0.00762786 0.00762786
0.32901 0.225515 0.225515 0.0000637614 0.0000637614 0.000646961 0.000646961 0.00752612 0.00752612
0.33001 0.225523 0.225523 0.0000631182 0.0000631182 0.000639485 0.000639485 0.00742595 0.00742595
0.33101 0.225532 0.225532 0.0000624824 0.0000624824 0.000632109 0.000632109 0.00732731 0.00732731
0.33201 0.22554 0.22554 0.0000618539 0.0000618539 0.00062483 0.00062483 0.00723018 0.00723018
0.33301 0.225548 0.225548 0.0000612327 0.0000612327 0.000617648 0.000617648 0.00713453 0.00713453
0.33401 0.225556 0.225556 0.0000606186 0.0000606186 0.000610561 0.000610561 0.00704034 0.00704034
0.33501 0.225564 0.225564 0.0000600116 0.0000600116 0.000603567 0.000603567 0.00694758 0.00694758
0.33601 0.225572 0.225572 0.0000594115 0.0000594115 0.000596665 0.000596665 0.00685623 0.00685623
0.33701 0.225579 0.225579 0.0000588182 0.0000588182 0.000589854 0.000589854 0.00676626 0.00676626
0.33801 0.225587 0.225587 0.0000582317 0.0000582317 0.000583132 0.000583132 0.00667764 0.00667764
0.33901 0.225594 0.225594 0.0000576519 0.0000576519 0.000576498 0.000576498 0.00659037 0.00659037
0.34001 0.225601 0.225601 0.0000570787 0.0000570787 0.000569951 0.000569951 0.0065044 0.0065044
0.34101 0.225608 0.225608 0.000056512 0.000056512 0.000563489 0.000563489 0.00641972 0.00641972
0.34201 0.225615 0.225615 0.0000559517 0.0000559517 0.000557111 0.000557111 0.00633631 0.00633631
0.34301 0.225621 0.225621 0.0000553977 0.0000553977 0.000550816 0.000550816 0.00625415 0.00625415
0.34401 0.225628 0.225628 0.00005485 0.00005485 0.000544602 0.000544602 0.00617321 0.00617321
0.34501 0.225634 0.225634 0.0000543085 0.0000543085 0.000538469 0.000538469 0.00609346 0.00609346
0.34601 0.22564 0.22564 0.0000537731 0.0000537731 0.000532415 0.000532415 0.00601491 0.00601491
0.34701 0.225647 0.225647 0.0000532436 0.0000532436 0.000526439 0.000526439 0.00593751 0.00593751
0.34801 0.225652 0.225652 0.0000527202 0.0000527202 0.00052054 0.00052054 0.00586126 0.00586126
0.34901 0.225658 0.225658 0.0000522025 0.0000522025 0.000514716 0.000514716 0.00578613 0.00578613
0.35001 0.225664 0.225664 0.0000516907 0.0000516907 0.000508967 0.000508967 0.00571211 0.00571211
0.35101 0.225669 0.225669 0.0000511846 0.0000511846 0.000503292 0.000503292 0.00563917 0.00563917
0.35201 0.225675 0.225675 0.0000506841 0.0000506841 0.000497688 0.000497688 0.0055673 0.0055673
0.35301 0.22568 0.22568 0.0000501892 0.0000501892 0.000492157 0.000492157 0.00549648 0.00549648
0.35401 0.225685 0.225685 0.0000496998 0.0000496998 0.000486695 0.000486695 0.00542669 0.00542669
0.35501 0.22569 0.22569 0.0000492158 0.0000492158 0.000481303 0.000481303 0.00535791 0.00535791
0.35601 0.225695 0.225695 0.0000487371 0.0000487371 0.000475979 0.000475979 0.00529014 0.00529014
0.35701 0.2257 0.2257 0.0000482638 0.0000482638 0.000470722 0.000470722 0.00522334 0.00522334
0.35801 0.225704 0.225704 0.0000477957 0.0000477957 0.000465532 0.000465532 0.00515751 0.00515751
0.35901 0.225709 0.225709 0.0000473327 0.0000473327 0.000460407 0.000460407 0.00509263 0.00509263
0.36001 0.225713 0.225713 0.0000468748 0.0000468748 0.000455346 0.000455346 0.00502868 0.00502868
0.36101 0.225718 0.225718 0.000046422 0.000046422 0.000450349 0.000450349 0.00496565 0.00496565
0.36201 0.225722 0.225722 0.0000459741 0.0000459741 0.000445415 0.000445415 0.00490353 0.00490353
0.36301 0.225726 0.225726 0.0000455311 0.0000455311 0.000440542 0.000440542 0.00484229 0.00484229
0.36401 0.22573 0.22573 0.000045093 0.000045093 0.00043573 0.00043573 0.00478193 0.00478193
0.36501 0.225733 0.225733 0.0000446596 0.0000446596 0.000430978 0.000430978 0.00472242 0.00472242
0.36601 0.225737 0.225737 0.000044231 0.000044231 0.000426285 0.000426285 0.00466377 0.00466377
0.36701 0.22574 0.22574 0.0000438071 0.0000438071 0.00042165 0.00042165 0.00460594 0.00460594
0.36801 0.225744 0.225744 0.0000433877 0.0000433877 0.000417073 0.000417073 0.00454893 0.00454893
0.36901 0.225747 0.225747 0.0000429729 0.0000429729 0.000412552 0.000412552 0.00449273 0.00449273
0.37001 0.22575 0.22575 0.0000425626 0.0000425626 0.000408087 0.000408087 0.00443732 0.00443732
0.37101 0.225753 0.225753 0.0000421567 0.0000421567 0.000403677 0.000403677 0.00438269 0.00438269
0.37201 0.225756 0.225756 0.0000417552 0.0000417552 0.000399321 0.000399321 0.00432883 0.00432883
0.37301 0.225759 0.225759 0.000041358 0.000041358 0.000395019 0.000395019 0.00427572 0.00427572
0.37401 0.225762 0.225762 0.0000409652 0.0000409652 0.00039077 0.00039077 0.00422336 0.00422336
0.37501 0.225764 0.225764 0.0000405765 0.0000405765 0.000386572 0.000386572 0.00417172 0.00417172
0.37601 0.225767 0.225767 0.000040192 0.000040192 0.000382426 0.000382426 0.00412081 0.00412081
0.37701 0.225769 0.225769 0.0000398116 0.0000398116 0.00037833 0.00037833 0.00407061 0.00407061
0.37801 0.225772 0.225772 0.0000394353 0.0000394353 0.000374284 0.000374284 0.00402109 0.00402109
0.37901 0.225774 0.225774 0.000039063 0.000039063 0.000370288 0.000370288 0.00397227 0.00397227
0.38001 0.225776 0.225776 0.0000386947 0.0000386947 0.00036634 0.00036634 0.00392412 0.00392412
0.38101 0.225778 0.225778 0.0000383303 0.0000383303 0.000362439 0.000362439 0.00387664 0.00387664
0.38201 0.22578 0.22578 0.0000379698 0.0000379698 0.000358586 0.000358586 0.00382981 0.00382981
0.38301 0.225781 0.225781 0.0000376132 0.0000376132 0.00035478 0.00035478 0.00378362 0.00378362
0.38401 0.225783 0.225783 0.0000372603 0.0000372603 0.000351019 0.000351019 0.00373807 0.00373807
0.38501 0.225784 0.225784 0.0000369111 0.0000369111 0.000347303 0.000347303 0.00369314 0.00369314
0.38601 0.225786 0.225786 0.0000365656 0.0000365656 0.000343632 0.000343632 0.00364883 0.00364883
0.38701 0.225787 0.225787 0.0000362238 0.0000362238 0.000340005 0.000340005 0.00360512 0.00360512
0.38801 0.225788 0.225788 0.0000358856 0.0000358856 0.000336422 0.000336422 0.003562 0.003562
0.38901 0.22579 0.22579 0.000035551 0.000035551 0.000332881 0.000332881 0.00351947 0.00351947
0.39001 0.225791 0.225791 0.0000352198 0.0000352198 0.000329383 0.000329383 0.00347752 0.00347752
0.39101 0.225792 0.225792 0.0000348922 0.0000348922 0.000325926 0.000325926 0.00343613 0.00343613
0.39201 0.225792 0.225792 0.000034568 0.000034568 0.00032251 0.00032251 0.00339531 0.00339531
0.39301 0.225793 0.225793 0.0000342471 0.0000342471 0.000319135 0.000319135 0.00335503 0.00335503
0.39401 0.225794 0.225794 0.0000339297 0.0000339297 0.0003158 0.0003158 0.0033153 0.0033153
0.39501 0.225794 0.225794 0.0000336155 0.0000336155 0.000312504 0.000312504 0.0032761 0.0032761
0.39601 0.225795 0.225795 0.0000333047 0.0000333047 0.000309248 0.000309248 0.00323743 0.00323743
0.39701 0.225795 0.225795 0.000032997 0.000032997 0.000306029 0.000306029 0.00319928 0.00319928
0.39801 0.225795 0.225795 0.0000326926 0.0000326926 0.000302849 0.000302849 0.00316163 0.00316163
0.39901 0.225796 0.225796 0.0000323913 0.0000323913 0.000299706 0.000299706 0.00312449 0.00312449
0.40001 0.225796 0.225796 0.0000320932 0.0000320932 0.0002966 0.0002966 0.00308784 0.00308784
0.40101 0.225796 0.225796 0.0000317981 0.0000317981 0.00029353 0.00029353 0.00305168 0.00305168
0.40201 0.225796 0.225796 0.0000315061 0.0000315061 0.000290496 0.000290496 0.003016 0.003016
0.40301 0.225795 0.225795 0.0000312171 0.0000312171 0.000287498 0.000287498 0.0029808 0.0029808
0.40401 0.225795 0.225795 0.0000309311 0.0000309311 0.000284535 0.000284535 0.00294606 0.00294606
0.40501 0.225795 0.225795 0.000030648 0.000030648 0.000281606 0.000281606 0.00291177 0.00291177
0.40601 0.225794 0.225794 0.0000303679 0.0000303679 0.000278711 0.000278711 0.00287794 0.00287794
0.40701 0.225794 0.225794 0.0000300906 0.0000300906 0.00027585 0.00027585 0.00284455 0.00284455
0.40801 0.225793 0.225793 0.0000298162 0.0000298162 0.000273022 0.000273022 0.0028116 0.0028116
0.40901 0.225792 0.225792 0.0000295445 0.0000295445 0.000270226 0.000270226 0.00277909 0.00277909
0.41001 0.225792 0.225792 0.0000292757 0.0000292757 0.000267463 0.000267463 0.002747 0.002747
0.41101 0.225791 0.225791 0.0000290096 0.0000290096 0.000264732 0.000264732 0.00271533 0.00271533
0.41201 0.22579 0.22579 0.0000287462 0.0000287462 0.000262032 0.000262032 0.00268407 0.00268407
0.41301 0.225789 0.225789 0.0000284855 0.0000284855 0.000259364 0.000259364 0.00265322 0.00265322
0.41401 0.225788 0.225788 0.0000282275 0.0000282275 0.000256726 0.000256726 0.00262277 0.00262277
0.41501 0.225786 0.225786 0.0000279721 0.0000279721 0.000254118 0.000254118 0.00259271 0.00259271
0.41601 0.225785 0.225785 0.0000277192 0.0000277192 0.00025154 0.00025154 0.00256304 0.00256304
0.41701 0.225784 0.225784 0.000027469 0.000027469 0.000248992 0.000248992 0.00253376 0.00253376
0.41801 0.225782 0.225782 0.0000272212 0.0000272212 0.000246473 0.000246473 0.00250486 0.00250486
0.41901 0.225781 0.225781 0.000026976 0.000026976 0.000243982 0.000243982 0.00247632 0.00247632
0.42001 0.225779 0.225779 0.0000267333 0.0000267333 0.00024152 0.00024152 0.00244816 0.00244816
0.42101 0.225777 0.225777 0.000026493 0.000026493 0.000239086 0.000239086 0.00242035 0.00242035
0.42201 0.225776 0.225776 0.0000262551 0.0000262551 0.000236679 0.000236679 0.00239291 0.00239291
0.42301 0.225774 0.225774 0.0000260196 0.0000260196 0.0002343 0.0002343 0.00236581 0.00236581
0.42401 0.225772 0.225772 0.0000257865 0.0000257865 0.000231947 0.000231947 0.00233906 0.00233906
0.42501 0.22577 0.22577 0.0000255557 0.0000255557 0.000229622 0.000229622 0.00231265 0.00231265
0.42601 0.225768 0.225768 0.0000253272 0.0000253272 0.000227322 0.000227322 0.00228658 0.00228658
0.42701 0.225766 0.225766 0.000025101 0.000025101 0.000225048 0.000225048 0.00226084 0.00226084
0.42801 0.225764 0.225764 0.0000248771 0.0000248771 0.0002228 0.0002228 0.00223543 0.00223543
0.42901 0.225761 0.225761 0.0000246554 0.0000246554 0.000220577 0.000220577 0.00221034 0.00221034
0.43001 0.225759 0.225759 0.000024436 0.000024436 0.000218379 0.000218379 0.00218556 0.00218556
0.43101 0.225757 0.225757 0.0000242187 0.0000242187 0.000216206 0.000216206 0.0021611 0.0021611
0.43201 0.225754 0.225754 0.0000240035 0.0000240035 0.000214057 0.000214057 0.00213694 0.00213694
0.43301 0.225751 0.225751 0.0000237905 0.0000237905 0.000211932 0.000211932 0.0021131 0.0021131
0.43401 0.225749 0.225749 0.0000235797 0.0000235797 0.000209831 0.000209831 0.00208955 0.00208955
0.43501 0.225746 0.225746 0.0000233709 0.0000233709 0.000207753 0.000207753 0.00206629 0.00206629
0.43601 0.225743 0.225743 0.0000231641 0.0000231641 0.000205698 0.000205698 0.00204333 0.00204333
0.43701 0.22574 0.22574 0.0000229595 0.0000229595 0.000203666 0.000203666 0.00202065 0.00202065
0.43801 0.225738 0.225738 0.0000227568 0.0000227568 0.000201657 0.000201657 0.00199827 0.00199827
0.43901 0.225735 0.225735 0.0000225561 0.0000225561 0.00019967 0.00019967 0.00197615 0.00197615
0.44001 0.225731 0.225731 0.0000223575 0.0000223575 0.000197704 0.000197704 0.00195431 0.00195431
0.44101 0.225728 0.225728 0.0000221607 0.0000221607 0.000195761 0.000195761 0.00193275 0.00193275
0.44201 0.225725 0.225725 0.0000219659 0.0000219659 0.000193839 0.000193839 0.00191145 0.00191145
0.44301 0.225722 0.225722 0.000021773 0.000021773 0.000191938 0.000191938 0.00189041 0.00189041
0.44401 0.225719 0.225719 0.0000215821 0.0000215821 0.000190058 0.000190058 0.00186964 0.00186964
0.44501 0.225715 0.225715 0.0000213929 0.0000213929 0.000188198 0.000188198 0.00184912 0.00184912
0.44601 0.225712 0.225712 0.0000212056 0.0000212056 0.000186359 0.000186359 0.00182886 0.00182886
0.44701 0.225708 0.225708 0.0000210202 0.0000210202 0.000184541 0.000184541 0.00180884 0.00180884
0.44801 0.225705 0.225705 0.0000208366 0.0000208366 0.000182742 0.000182742 0.00178908 0.00178908
0.44901 0.225701 0.225701 0.0000206547 0.0000206547 0.000180962 0.000180962 0.00176955 0.00176955
0.45001 0.225697 0.225697 0.0000204746 0.0000204746 0.000179203 0.000179203 0.00175026 0.00175026
0.45101 0.225694 0.225694 0.0000202963 0.0000202963 0.000177462 0.000177462 0.00173121 0.00173121
0.45201 0.22569 0.22569 0.0000201197 0.0000201197 0.00017574 0.00017574 0.00171239 0.00171239
0.45301 0.225686 0.225686 0.0000199448 0.0000199448 0.000174037 0.000174037 0.00169381 0.00169381
0.45401 0.225682 0.225682 0.0000197716 0.0000197716 0.000172352 0.000172352 0.00167544 0.00167544
0.45501 0.225678 0.225678 0.0000196001 0.0000196001 0.000170686 0.000170686 0.0016573 0.0016573
0.45601 0.225674 0.225674 0.0000194302 0.0000194302 0.000169038 0.000169038 0.00163939 0.00163939
0.45701 0.22567 0.22567 0.000019262 0.000019262 0.000167407 0.000167407 0.00162169 0.00162169
0.45801 0.225666 0.225666 0.0000190954 0.0000190954 0.000165794 0.000165794 0.0016042 0.0016042
0.45901 0.225661 0.225661 0.0000189304 0.0000189304 0.000164199 0.000164199 0.00158692 0.00158692
0.46001 0.225657 0.225657 0.000018767 0.000018767 0.00016262 0.00016262 0.00156986 0.00156986
0.46101 0.225653 0.225653 0.0000186052 0.0000186052 0.000161059 0.000161059 0.001553 0.001553
0.46201 0.225648 0.225648 0.0000184449 0.0000184449 0.000159514 0.000159514 0.00153634 0.00153634
0.46301 0.225644 0.225644 0.0000182861 0.0000182861 0.000157986 0.000157986 0.00151988 0.00151988
0.46401 0.225639 0.225639 0.0000181289 0.0000181289 0.000156474 0.000156474 0.00150362 0.00150362
0.46501 0.225635 0.225635 0.0000179732 0.0000179732 0.000154979 0.000154979 0.00148755 0.00148755
0.46601 0.22563 0.22563 0.000017819 0.000017819 0.000153499 0.000153499 0.00147168 0.00147168
0.46701 0.225625 0.225625 0.0000176662 0.0000176662 0.000152035 0.000152035 0.001456 0.001456
0.46801 0.22562 0.22562 0.0000175149 0.0000175149 0.000150587 0.000150587 0.0014405 0.0014405
0.46901 0.225616 0.225616 0.000017365 0.000017365 0.000149154 0.000149154 0.00142519 0.00142519
0.47001 0.225611 0.225611 0.0000172166 0.0000172166 0.000147737 0.000147737 0.00141006 0.00141006
0.47101 0.225606 0.225606 0.0000170695 0.0000170695 0.000146334 0.000146334 0.00139512 0.00139512
0.47201 0.225601 0.225601 0.0000169239 0.0000169239 0.000144946 0.000144946 0.00138034 0.00138034
0.47301 0.225596 0.225596 0.0000167796 0.0000167796 0.000143573 0.000143573 0.00136575 0.00136575
0.47401 0.225591 0.225591 0.0000166367 0.0000166367 0.000142215 0.000142215 0.00135132 0.00135132
0.47501 0.225586 0.225586 0.0000164952 0.0000164952 0.000140871 0.000140871 0.00133706 0.00133706
0.47601 0.22558 0.22558 0.000016355 0.000016355 0.000139541 0.000139541 0.00132298 0.00132298
0.47701 0.225575 0.225575 0.0000162161 0.0000162161 0.000138225 0.000138225 0.00130906 0.00130906
0.47801 0.22557 0.22557 0.0000160785 0.0000160785 0.000136923 0.000136923 0.0012953 0.0012953
0.47901 0.225565 0.225565 0.0000159423 0.0000159423 0.000135634 0.000135634 0.0012817 0.0012817
0.48001 0.225559 0.225559 0.0000158073 0.0000158073 0.000134359 0.000134359 0.00126827 0.00126827
0.48101 0.225554 0.225554 0.0000156735 0.0000156735 0.000133097 0.000133097 0.001255 0.001255
0.48201 0.225548 0.225548 0.0000155411 0.0000155411 0.000131849 0.000131849 0.00124187 0.00124187
0.48301 0.225543 0.225543 0.0000154098 0.0000154098 0.000130614 0.000130614 0.0012289 0.0012289
0.48401 0.225537 0.225537 0.0000152798 0.0000152798 0.000129391 0.000129391 0.00121608 0.00121608
0.48501 0.225532 0.225532 0.0000151511 0.0000151511 0.000128181 0.000128181 0.00120342 0.00120342
0.48601 0.225526 0.225526 0.0000150235 0.0000150235 0.000126984 0.000126984 0.0011909 0.0011909
0.48701 0.22552 0.22552 0.0000148971 0.0000148971 0.0001258 0.0001258 0.00117852 0.00117852
0.48801 0.225514 0.225514 0.0000147719 0.0000147719 0.000124627 0.000124627 0.00116629 0.00116629
0.48901 0.225509 0.225509 0.0000146478 0.0000146478 0.000123467 0.000123467 0.0011542 0.0011542
0.49001 0.225503 0.225503 0.0000145249 0.0000145249 0.000122319 0.000122319 0.00114225 0.00114225
0.49101 0.225497 0.225497 0.0000144032 0.0000144032 0.000121182 0.000121182 0.00113043 0.00113043
0.49201 0.225491 0.225491 0.0000142826 0.0000142826 0.000120058 0.000120058 0.00111875 0.00111875
0.49301 0.225485 0.225485 0.0000141631 0.0000141631 0.000118945 0.000118945 0.00110722 0.00110722
0.49401 0.225479 0.225479 0.0000140447 0.0000140447 0.000117843 0.000117843 0.00109581 0.00109581
0.49501 0.225473 0.225473 0.0000139274 0.0000139274 0.000116753 0.000116753 0.00108453 0.00108453
0.49601 0.225467 0.225467 0.0000138112 0.0000138112 0.000115674 0.000115674 0.00107338 0.00107338
0.49701 0.22546 0.22546 0.000013696 0.000013696 0.000114606 0.000114606 0.00106236 0.00106236
0.49801 0.225454 0.225454 0.0000135819 0.0000135819 0.000113549 0.000113549 0.00105146 0.00105146
0.49901 0.225448 0.225448 0.0000134689 0.0000134689 0.000112503 0.000112503 0.00104069 0.00104069
0.50001 0.225442 0.225442 0.0000133569 0.0000133569 0.000111468 0.000111468 0.00103005 0.00103005
