0.060000 0.030000000000
0.120000 0.030000000000
0.180000 0.030000000000
0.240000 0.030000000000
0.300000 0.030000000000
0.360000 0.030000000000
0.420000 0.030000000000
0.480000 0.030000000000
0.540000 0.030000000000
0.600000 0.030000000000
0.660000 0.030000000000
0.720000 0.030000000000
0.780000 0.030000000000
0.840000 0.030000000000
0.900000 0.030000000000
0.960000 0.030000000000
1.020000 0.030000000000
1.080000 0.030000000000
1.140000 0.030000000000
1.200000 0.030000000000
1.260000 0.030000000000
1.320000 0.030000000000
1.380000 0.030000000000
1.440000 0.030000000000
1.500000 0.030000000000
1.560000 0.030000000000
1.620000 0.030000000000
1.680000 0.030000000000
1.740000 0.030000000000
1.800000 0.030000000000
1.860000 0.030000000000
1.920000 0.030000000000
1.980000 0.030000000000
2.040000 0.030000000000
2.100000 0.030000000000
2.160000 0.030000000000
2.220000 0.030000000000
2.280000 0.030000000000
2.340000 0.030000000000
2.400000 0.030000000000
2.460000 0.030000000000
2.520000 0.030000000000
2.580000 0.030000000000
2.640000 0.030000000000
2.700000 0.030000000000
2.760000 0.030000000000
2.820000 0.030000000000
2.880000 0.030000000000
2.940000 0.030000000000
3.000000 0.030000000000
3.060000 0.030000000000
3.120000 0.030000000000
3.180000 0.030000000000
3.240000 0.030000000000
3.300000 0.030000000000
3.360000 0.030000000000
3.420000 0.030000000000
3.480000 0.030000000000
3.540000 0.030000000000
3.600000 0.030000000000
3.660000 0.030000000000
3.720000 0.030000000000
3.780000 0.030000000000
3.840000 0.030000000000
3.900000 0.030000000000
3.960000 0.030000000000
4.020000 0.030000000000
4.080000 0.030000000000
4.140000 0.030000000000
4.200000 0.030000000000
4.260000 0.030000000000
4.320000 0.030000000000
4.380000 0.030000000000
4.440000 0.030000000000
4.500000 0.030000000000
4.560000 0.030000000000
4.620000 0.030000000000
4.680000 0.030000000000
4.740000 0.030000000000
4.800000 0.030000000000
4.860000 0.030000000000
4.920000 0.030000000000
4.980000 0.030000000000
5.040000 0.030000000000
5.100000 0.030000000000
5.160000 0.030000000000
5.220000 0.030000000000
5.280000 0.030000000000
5.340000 0.030000000000
5.400000 0.030000000000
5.460000 0.030000000000
5.520000 0.030000000000
5.580000 0.030000000000
5.640000 0.030000000000
5.700000 0.030000000000
5.760000 0.030000000000
5.820000 0.030000000000
5.880000 0.030000000000
5.940000 0.030000000000
6.000000 0.030000000000
6.060000 0.030000000000
6.120000 0.030000000000
6.180000 0.030000000000
6.240000 0.030000000000
6.300000 0.030000000000
6.360000 0.030000000000
6.420000 0.030000000000
6.480000 0.030000000000
6.540000 0.030000000000
6.600000 0.030000000000
6.660000 0.030000000000
6.720000 0.030000000000
6.780000 0.030000000000
6.840000 0.030000000000
6.900000 0.030000000000
6.960000 0.030000000000
7.020000 0.030000000000
7.080000 0.030000000000
7.140000 0.030000000000
7.200000 0.030000000000
7.260000 0.030000000000
7.320000 0.030000000000
7.380000 0.030000000000
7.440000 0.030000000000
7.500000 0.030000000000
7.560000 0.030000000000
7.620000 0.030000000000
7.680000 0.030000000000
7.740000 0.030000000000
7.800000 0.030000000000
7.860000 0.030000000000
7.920000 0.030000000000
7.980000 0.030000000000
8.040000 0.030000000000
8.100000 0.030000000000
8.160000 0.030000000000
8.220000 0.030000000000
8.280000 0.030000000000
8.340000 0.030000000000
8.400000 0.030000000000
8.460000 0.030000000000
8.520000 0.030000000000
8.580000 0.030000000000
8.640000 0.030000000000
8.700000 0.030000000000
8.760000 0.030000000000
8.820000 0.030000000000
8.880000 0.030000000000
8.940000 0.030000000000
9.000000 0.030000000000
9.060000 0.030000000000
9.120000 0.030000000000
9.180000 0.030000000000
9.240000 0.030000000000
9.300000 0.030000000000
9.360000 0.030000000000
9.420000 0.030000000000
9.480000 0.030000000000
9.540000 0.030000000000
9.600000 0.030000000000
9.660000 0.030000000000
9.720000 0.030000000000
9.780000 0.030000000000
9.840000 0.030000000000
9.900000 0.030000000000
9.960000 0.030000000000
10.020000 0.030000000000
10.080000 0.030000000000
10.140000 0.030000000000
10.200000 0.030000000000
10.260000 0.030000000000
10.320000 0.030000000000
10.380000 0.030000000000
10.440000 0.030000000000
10.500000 0.030000000000
10.560000 0.030000000000
10.620000 0.030000000000
10.680000 0.030000000000
10.740000 0.030000000000
10.800000 0.030000000000
10.860000 0.030000000000
10.920000 0.030000000000
10.980000 0.030000000000
11.040000 0.030000000000
11.100000 0.030000000000
11.160000 0.030000000000
11.220000 0.030000000000
11.280000 0.030000000000
11.340000 0.030000000000
11.400000 0.030000000000
11.460000 0.030000000000
11.520000 0.030000000000
11.580000 0.030000000000
11.640000 0.030000000000
11.700000 0.030000000000
11.760000 0.030000000000
11.820000 0.030000000000
11.880000 0.030000000000
11.940000 0.030000000000
12.000000 0.030000000000
12.060000 0.030000000000
12.120000 0.030000000000
12.180000 0.030000000000
12.240000 0.030000000000
12.300000 0.030000000000
12.360000 0.030000000000
12.420000 0.030000000000
12.480000 0.030000000000
12.540000 0.030000000000
12.600000 0.030000000000
12.660000 0.030000000000
12.720000 0.030000000000
12.780000 0.030000000000
12.840000 0.030000000000
12.900000 0.030000000000
12.960000 0.030000000000
13.020000 0.030000000000
13.080000 0.030000000000
13.140000 0.030000000000
13.200000 0.030000000000
13.260000 0.030000000000
13.320000 0.030000000000
13.380000 0.030000000000
13.440000 0.030000000000
13.500000 0.030000000000
13.560000 0.030000000000
13.620000 0.030000000000
13.680000 0.030000000000
13.740000 0.030000000000
13.800000 0.030000000000
13.860000 0.030000000000
13.920000 0.030000000000
13.980000 0.030000000000
14.040000 0.030000000000
14.100000 0.030000000000
14.160000 0.030000000000
14.220000 0.030000000000
14.280000 0.030000000000
14.340000 0.030000000000
14.400000 0.030000000000
14.460000 0.030000000000
14.520000 0.030000000000
14.580000 0.030000000000
14.640000 0.030000000000
14.700000 0.030000000000
14.760000 0.030000000000
14.820000 0.030000000000
14.880000 0.030000000000
14.940000 0.030000000000
15.000000 0.030000000000
15.060000 0.030000000000
15.120000 0.030000000000
15.180000 0.030000000000
15.240000 0.030000000000
15.300000 0.030000000000
15.360000 0.030000000000
15.420000 0.030000000000
15.480000 0.030000000000
15.540000 0.030000000000
15.600000 0.030000000000
15.660000 0.030000000000
15.720000 0.030000000000
15.780000 0.030000000000
15.840000 0.030000000000
15.900000 0.030000000000
15.960000 0.030000000000
16.020000 0.030000000000
16.080000 0.030000000000
16.140000 0.030000000000
16.200000 0.030000000000
16.260000 0.030000000000
16.320000 0.030000000000
16.380000 0.030000000000
16.440000 0.030000000000
16.500000 0.030000000000
16.560000 0.030000000000
16.620000 0.030000000000
16.680000 0.030000000000
16.740000 0.030000000000
16.800000 0.030000000000
16.860000 0.030000000000
16.920000 0.030000000000
16.980000 0.030000000000
17.040000 0.030000000000
17.100000 0.030000000000
17.160000 0.030000000000
17.220000 0.030000000000
17.280000 0.030000000000
17.340000 0.030000000000
17.400000 0.030000000000
17.460000 0.030000000000
17.520000 0.030000000000
17.580000 0.030000000000
17.640000 0.030000000000
17.700000 0.030000000000
17.760000 0.030000000000
17.820000 0.030000000000
17.880000 0.030000000000
17.940000 0.030000000000
18.000000 0.030000000000
18.060000 0.030000000000
18.120000 0.030000000000
18.180000 0.030000000000
18.240000 0.030000000000
18.300000 0.030000000000
18.360000 0.030000000000
18.420000 0.030000000000
18.480000 0.030000000000
18.540000 0.030000000000
18.600000 0.030000000000
18.660000 0.030000000000
18.720000 0.030000000000
18.780000 0.030000000000
18.840000 0.030000000000
18.900000 0.030000000000
18.960000 0.030000000000
19.020000 0.030000000000
19.080000 0.030000000000
19.140000 0.030000000000
19.200000 0.030000000000
19.260000 0.030000000000
19.320000 0.030000000000
19.380000 0.030000000000
19.440000 0.030000000000
19.500000 0.030000000000
19.560000 0.030000000000
19.620000 0.030000000000
19.680000 0.030000000000
19.740000 0.030000000000
19.800000 0.030000000000
19.860000 0.030000000000
19.920000 0.030000000000
19.980000 0.030000000000
20.040000 0.030000000000
20.100000 0.030000000000
20.160000 0.030000000000
20.220000 0.030000000000
20.280000 0.030000000000
20.340000 0.030000000000
20.400000 0.030000000000
20.460000 0.030000000000
20.520000 0.030000000000
20.580000 0.030000000000
20.640000 0.030000000000
20.700000 0.030000000000
20.760000 0.030000000000
20.820000 0.030000000000
20.880000 0.030000000000
20.940000 0.030000000000
21.000000 0.030000000000
21.060000 0.030000000000
21.120000 0.030000000000
21.180000 0.030000000000
21.240000 0.030000000000
21.300000 0.030000000000
21.360000 0.030000000000
21.420000 0.030000000000
21.480000 0.030000000000
21.540000 0.030000000000
21.600000 0.030000000000
21.660000 0.030000000000
21.720000 0.030000000000
21.780000 0.030000000000
21.840000 0.030000000000
21.900000 0.030000000000
21.960000 0.030000000000
22.020000 0.030000000000
22.080000 0.030000000000
22.140000 0.030000000000
22.200000 0.030000000000
22.260000 0.030000000000
22.320000 0.030000000000
22.380000 0.030000000000
22.440000 0.030000000000
22.500000 0.030000000000
22.560000 0.030000000000
22.620000 0.030000000000
22.680000 0.030000000000
22.740000 0.030000000000
22.800000 0.030000000000
22.860000 0.030000000000
22.920000 0.030000000000
22.980000 0.030000000000
23.040000 0.030000000000
23.100000 0.030000000000
23.160000 0.030000000000
23.220000 0.030000000000
23.280000 0.030000000000
23.340000 0.030000000000
23.400000 0.030000000000
23.460000 0.030000000000
23.520000 0.030000000000
23.580000 0.030000000000
23.640000 0.030000000000
23.700000 0.030000000000
23.760000 0.030000000000
23.820000 0.030000000000
23.880000 0.030000000000
23.940000 0.030000000000
24.000000 0.030000000000
24.060000 0.030000000000
24.120000 0.030000000000
24.180000 0.030000000000
24.240000 0.030000000000
24.300000 0.030000000000
24.360000 0.030000000000
24.420000 0.030000000000
24.480000 0.030000000000
24.540000 0.030000000000
24.600000 0.030000000000
24.660000 0.030000000000
24.720000 0.030000000000
24.780000 0.030000000000
24.840000 0.030000000000
24.900000 0.030000000000
24.960000 0.030000000000
25.020000 0.030000000000
25.080000 0.030000000000
25.140000 0.030000000000
25.200000 0.030000000000
25.260000 0.030000000000
25.320000 0.030000000000
25.380000 0.030000000000
25.440000 0.030000000000
25.500000 0.030000000000
25.560000 0.030000000000
25.620000 0.030000000000
25.680000 0.030000000000
25.740000 0.030000000000
25.800000 0.030000000000
25.860000 0.030000000000
25.920000 0.030000000000
25.980000 0.030000000000
26.040000 0.030000000000
26.100000 0.030000000000
26.160000 0.030000000000
26.220000 0.030000000000
26.280000 0.030000000000
26.340000 0.030000000000
26.400000 0.030000000000
26.460000 0.030000000000
26.520000 0.030000000000
26.580000 0.030000000000
26.640000 0.030000000000
26.700000 0.030000000000
26.760000 0.030000000000
26.820000 0.030000000000
26.880000 0.030000000000
26.940000 0.030000000000
27.000000 0.030000000000
27.060000 0.030000000000
27.120000 0.030000000000
27.180000 0.030000000000
27.240000 0.030000000000
27.300000 0.030000000000
27.360000 0.030000000000
27.420000 0.030000000000
27.480000 0.030000000000
27.540000 0.030000000000
27.600000 0.030000000000
27.660000 0.030000000000
27.720000 0.030000000000
27.780000 0.030000000000
27.840000 0.030000000000
27.900000 0.030000000000
27.960000 0.030000000000
28.020000 0.030000000000
28.080000 0.030000000000
28.140000 0.030000000000
28.200000 0.030000000000
28.260000 0.030000000000
28.320000 0.030000000000
28.380000 0.030000000000
28.440000 0.030000000000
28.500000 0.030000000000
28.560000 0.030000000000
28.620000 0.030000000000
28.680000 0.030000000000
28.740000 0.030000000000
28.800000 0.030000000000
28.860000 0.030000000000
28.920000 0.030000000000
28.980000 0.030000000000
29.040000 0.030000000000
29.100000 0.030000000000
29.160000 0.030000000000
29.220000 0.030000000000
29.280000 0.030000000000
29.340000 0.030000000000
29.400000 0.030000000000
29.460000 0.030000000000
29.520000 0.030000000000
29.580000 0.030000000000
29.640000 0.030000000000
29.700000 0.030000000000
29.760000 0.030000000000
29.820000 0.030000000000
29.880000 0.030000000000
29.940000 0.030000000000
30.000000 0.030000000000
30.060000 0.030000000000
30.120000 0.030000000000
30.180000 0.030000000000
30.240000 0.030000000000
30.300000 0.030000000000
30.360000 0.030000000000
30.420000 0.030000000000
30.480000 0.030000000000
30.540000 0.030000000000
30.600000 0.030000000000
30.660000 0.030000000000
30.720000 0.030000000000
30.780000 0.030000000000
30.840000 0.030000000000
30.900000 0.030000000000
30.960000 0.030000000000
31.020000 0.030000000000
31.080000 0.030000000000
31.140000 0.030000000000
31.200000 0.030000000000
31.260000 0.030000000000
31.320000 0.030000000000
31.380000 0.030000000000
31.440000 0.030000000000
31.500000 0.030000000000
31.560000 0.030000000000
31.620000 0.030000000000
31.680000 0.030000000000
31.740000 0.030000000000
31.800000 0.030000000000
31.860000 0.030000000000
31.920000 0.030000000000
31.980000 0.030000000000
32.040000 0.030000000000
32.100000 0.030000000000
32.160000 0.030000000000
32.220000 0.030000000000
32.280000 0.030000000000
32.340000 0.030000000000
32.400000 0.030000000000
32.460000 0.030000000000
32.520000 0.030000000000
32.580000 0.030000000000
32.640000 0.030000000000
32.700000 0.030000000000
32.760000 0.030000000000
32.820000 0.030000000000
32.880000 0.030000000000
32.940000 0.030000000000
33.000000 0.030000000000
33.060000 0.030000000000
33.120000 0.030000000000
33.180000 0.030000000000
33.240000 0.030000000000
33.300000 0.030000000000
33.360000 0.030000000000
33.420000 0.030000000000
33.480000 0.030000000000
33.540000 0.030000000000
33.600000 0.030000000000
33.660000 0.030000000000
33.720000 0.030000000000
33.780000 0.030000000000
33.840000 0.030000000000
33.900000 0.030000000000
33.960000 0.030000000000
34.020000 0.030000000000
34.080000 0.030000000000
34.140000 0.030000000000
34.200000 0.030000000000
34.260000 0.030000000000
34.320000 0.030000000000
34.380000 0.030000000000
34.440000 0.030000000000
34.500000 0.030000000000
34.560000 0.030000000000
34.620000 0.030000000000
34.680000 0.030000000000
34.740000 0.030000000000
34.800000 0.030000000000
34.860000 0.030000000000
34.920000 0.030000000000
34.980000 0.030000000000
35.040000 0.030000000000
35.100000 0.030000000000
35.160000 0.030000000000
35.220000 0.030000000000
35.280000 0.030000000000
35.340000 0.030000000000
35.400000 0.030000000000
35.460000 0.030000000000
35.520000 0.030000000000
35.580000 0.030000000000
35.640000 0.030000000000
35.700000 0.030000000000
35.760000 0.030000000000
35.820000 0.030000000000
35.880000 0.030000000000
35.940000 0.030000000000
36.000000 0.030000000000
36.060000 0.030000000000
36.120000 0.030000000000
36.180000 0.030000000000
36.240000 0.030000000000
36.300000 0.030000000000
36.360000 0.030000000000
36.420000 0.030000000000
36.480000 0.030000000000
36.540000 0.030000000000
36.600000 0.030000000000
36.660000 0.030000000000
36.720000 0.030000000000
36.780000 0.030000000000
36.840000 0.030000000000
36.900000 0.030000000000
36.960000 0.030000000000
37.020000 0.030000000000
37.080000 0.030000000000
37.140000 0.030000000000
37.200000 0.030000000000
37.260000 0.030000000000
37.320000 0.030000000000
37.380000 0.030000000000
37.440000 0.030000000000
37.500000 0.030000000000
37.560000 0.030000000000
37.620000 0.030000000000
37.680000 0.030000000000
37.740000 0.030000000000
37.800000 0.030000000000
37.860000 0.030000000000
37.920000 0.030000000000
37.980000 0.030000000000
38.040000 0.030000000000
38.100000 0.030000000000
38.160000 0.030000000000
38.220000 0.030000000000
38.280000 0.030000000000
38.340000 0.030000000000
38.400000 0.030000000000
38.460000 0.030000000000
38.520000 0.030000000000
38.580000 0.030000000000
38.640000 0.030000000000
38.700000 0.030000000000
38.760000 0.030000000000
38.820000 0.030000000000
38.880000 0.030000000000
38.940000 0.030000000000
39.000000 0.030000000000
39.060000 0.030000000000
39.120000 0.030000000000
39.180000 0.030000000000
39.240000 0.030000000000
39.300000 0.030000000000
39.360000 0.030000000000
39.420000 0.030000000000
39.480000 0.030000000000
39.540000 0.030000000000
39.600000 0.030000000000
39.660000 0.030000000000
39.720000 0.030000000000
39.780000 0.030000000000
39.840000 0.030000000000
39.900000 0.030000000000
39.960000 0.030000000000
40.020000 0.030000000000
40.080000 0.030000000000
40.140000 0.030000000000
40.200000 0.030000000000
40.260000 0.030000000000
40.320000 0.030000000000
40.380000 0.030000000000
40.440000 0.030000000000
40.500000 0.030000000000
40.560000 0.030000000000
40.620000 0.030000000000
40.680000 0.030000000000
40.740000 0.030000000000
40.800000 0.030000000000
40.860000 0.030000000000
40.920000 0.030000000000
40.980000 0.030000000000
41.040000 0.030000000000
41.100000 0.030000000000
41.160000 0.030000000000
41.220000 0.030000000000
41.280000 0.030000000000
41.340000 0.030000000000
41.400000 0.030000000000
41.460000 0.030000000000
41.520000 0.030000000000
41.580000 0.030000000000
41.640000 0.030000000000
41.700000 0.030000000000
41.760000 0.030000000000
41.820000 0.030000000000
41.880000 0.030000000000
41.940000 0.030000000000
42.000000 0.030000000000
42.060000 0.030000000000
42.120000 0.030000000000
42.180000 0.030000000000
42.240000 0.030000000000
42.300000 0.030000000000
42.360000 0.030000000000
42.420000 0.030000000000
42.480000 0.030000000000
42.540000 0.030000000000
42.600000 0.030000000000
42.660000 0.030000000000
42.720000 0.030000000000
42.780000 0.030000000000
42.840000 0.030000000000
42.900000 0.030000000000
42.960000 0.030000000000
43.020000 0.030000000000
43.080000 0.030000000000
43.140000 0.030000000000
43.200000 0.030000000000
43.260000 0.030000000000
43.320000 0.030000000000
43.380000 0.030000000000
43.440000 0.030000000000
43.500000 0.030000000000
43.560000 0.030000000000
43.620000 0.030000000000
43.680000 0.030000000000
43.740000 0.030000000000
43.800000 0.030000000000
43.860000 0.030000000000
43.920000 0.030000000000
43.980000 0.030000000000
44.040000 0.030000000000
44.100000 0.030000000000
44.160000 0.030000000000
44.220000 0.030000000000
44.280000 0.030000000000
44.340000 0.030000000000
44.400000 0.030000000000
44.460000 0.030000000000
44.520000 0.030000000000
44.580000 0.030000000000
44.640000 0.030000000000
44.700000 0.030000000000
44.760000 0.030000000000
44.820000 0.030000000000
44.880000 0.030000000000
44.940000 0.030000000000
45.000000 0.030000000000
45.060000 0.030000000000
45.120000 0.030000000000
45.180000 0.030000000000
45.240000 0.030000000000
45.300000 0.030000000000
45.360000 0.030000000000
45.420000 0.030000000000
45.480000 0.030000000000
45.540000 0.030000000000
45.600000 0.030000000000
45.660000 0.030000000000
45.720000 0.030000000000
45.780000 0.030000000000
45.840000 0.030000000000
45.900000 0.030000000000
45.960000 0.030000000000
46.020000 0.030000000000
46.080000 0.030000000000
46.140000 0.030000000000
46.200000 0.030000000000
46.260000 0.030000000000
46.320000 0.030000000000
46.380000 0.030000000000
46.440000 0.030000000000
46.500000 0.030000000000
46.560000 0.030000000000
46.620000 0.030000000000
46.680000 0.030000000000
46.740000 0.030000000000
46.800000 0.030000000000
46.860000 0.030000000000
46.920000 0.030000000000
46.980000 0.030000000000
47.040000 0.030000000000
47.100000 0.030000000000
47.160000 0.030000000000
47.220000 0.030000000000
47.280000 0.030000000000
47.340000 0.030000000000
47.400000 0.030000000000
47.460000 0.030000000000
47.520000 0.030000000000
47.580000 0.030000000000
47.640000 0.030000000000
47.700000 0.030000000000
47.760000 0.030000000000
47.820000 0.030000000000
47.880000 0.030000000000
47.940000 0.030000000000
48.000000 0.030000000000
48.060000 0.030000000000
48.120000 0.030000000000
48.180000 0.030000000000
48.240000 0.030000000000
48.300000 0.030000000000
48.360000 0.030000000000
48.420000 0.030000000000
48.480000 0.030000000000
48.540000 0.030000000000
48.600000 0.030000000000
48.660000 0.030000000000
48.720000 0.030000000000
48.780000 0.030000000000
48.840000 0.030000000000
48.900000 0.030000000000
48.960000 0.030000000000
49.020000 0.030000000000
49.080000 0.030000000000
49.140000 0.030000000000
49.200000 0.030000000000
49.260000 0.030000000000
49.320000 0.030000000000
49.380000 0.030000000000
49.440000 0.030000000000
49.500000 0.030000000000
49.560000 0.030000000000
49.620000 0.030000000000
49.680000 0.030000000000
49.740000 0.030000000000
49.800000 0.030000000000
49.860000 0.030000000000
49.920000 0.030000000000
49.980000 0.030000000000
50.040000 0.030000000000
50.100000 0.030000000000
50.160000 0.030000000000
50.220000 0.030000000000
50.280000 0.030000000000
50.340000 0.030000000000
50.400000 0.030000000000
50.460000 0.030000000000
50.520000 0.030000000000
50.580000 0.030000000000
50.640000 0.030000000000
50.700000 0.030000000000
50.760000 0.030000000000
50.820000 0.030000000000
50.880000 0.030000000000
50.940000 0.030000000000
51.000000 0.030000000000
51.060000 0.030000000000
51.120000 0.030000000000
51.180000 0.030000000000
51.240000 0.030000000000
51.300000 0.030000000000
51.360000 0.030000000000
51.420000 0.030000000000
51.480000 0.030000000000
51.540000 0.030000000000
51.600000 0.030000000000
51.660000 0.030000000000
51.720000 0.030000000000
51.780000 0.030000000000
51.840000 0.030000000000
51.900000 0.030000000000
51.960000 0.030000000000
52.020000 0.030000000000
52.080000 0.030000000000
52.140000 0.030000000000
52.200000 0.030000000000
52.260000 0.030000000000
52.320000 0.030000000000
52.380000 0.030000000000
52.440000 0.030000000000
52.500000 0.030000000000
52.560000 0.030000000000
52.620000 0.030000000000
52.680000 0.030000000000
52.740000 0.030000000000
52.800000 0.030000000000
52.860000 0.030000000000
52.920000 0.030000000000
52.980000 0.030000000000
53.040000 0.030000000000
53.100000 0.030000000000
53.160000 0.030000000000
53.220000 0.030000000000
53.280000 0.030000000000
53.340000 0.030000000000
53.400000 0.030000000000
53.460000 0.030000000000
53.520000 0.030000000000
53.580000 0.030000000000
53.640000 0.030000000000
53.700000 0.030000000000
53.760000 0.030000000000
53.820000 0.030000000000
53.880000 0.030000000000
53.940000 0.030000000000
54.000000 0.030000000000
54.060000 0.030000000000
54.120000 0.030000000000
54.180000 0.030000000000
54.240000 0.030000000000
54.300000 0.030000000000
54.360000 0.030000000000
54.420000 0.030000000000
54.480000 0.030000000000
54.540000 0.030000000000
54.600000 0.030000000000
54.660000 0.030000000000
54.720000 0.030000000000
54.780000 0.030000000000
54.840000 0.030000000000
54.900000 0.030000000000
54.960000 0.030000000000
55.020000 0.030000000000
55.080000 0.030000000000
55.140000 0.030000000000
55.200000 0.030000000000
55.260000 0.030000000000
55.320000 0.030000000000
55.380000 0.030000000000
55.440000 0.030000000000
55.500000 0.030000000000
55.560000 0.030000000000
55.620000 0.030000000000
55.680000 0.030000000000
55.740000 0.030000000000
55.800000 0.030000000000
55.860000 0.030000000000
55.920000 0.030000000000
55.980000 0.030000000000
56.040000 0.030000000000
56.100000 0.030000000000
56.160000 0.030000000000
56.220000 0.030000000000
56.280000 0.030000000000
56.340000 0.030000000000
56.400000 0.030000000000
56.460000 0.030000000000
56.520000 0.030000000000
56.580000 0.030000000000
56.640000 0.030000000000
56.700000 0.030000000000
56.760000 0.030000000000
56.820000 0.030000000000
56.880000 0.030000000000
56.940000 0.030000000000
57.000000 0.030000000000
57.060000 0.030000000000
57.120000 0.030000000000
57.180000 0.030000000000
57.240000 0.030000000000
57.300000 0.030000000000
57.360000 0.030000000000
57.420000 0.030000000000
57.480000 0.030000000000
57.540000 0.030000000000
57.600000 0.030000000000
57.660000 0.030000000000
57.720000 0.030000000000
57.780000 0.030000000000
57.840000 0.030000000000
57.900000 0.030000000000
57.960000 0.030000000000
58.020000 0.030000000000
58.080000 0.030000000000
58.140000 0.030000000000
58.200000 0.030000000000
58.260000 0.030000000000
58.320000 0.030000000000
58.380000 0.030000000000
58.440000 0.030000000000
58.500000 0.030000000000
58.560000 0.030000000000
58.620000 0.030000000000
58.680000 0.030000000000
58.740000 0.030000000000
58.800000 0.030000000000
58.860000 0.030000000000
58.920000 0.030000000000
58.980000 0.030000000000
59.040000 0.030000000000
59.100000 0.030000000000
59.160000 0.030000000000
59.220000 0.030000000000
59.280000 0.030000000000
59.340000 0.030000000000
59.400000 0.030000000000
59.460000 0.030000000000
59.520000 0.030000000000
59.580000 0.030000000000
59.640000 0.030000000000
59.700000 0.030000000000
59.760000 0.030000000000
59.820000 0.030000000000
59.880000 0.030000000000
59.940000 0.030000000000
60.000000 0.030000000000
