0.060000 0.030003250397
0.120000 0.030003250398
0.180000 0.030003250399
0.240000 0.030003250399
0.300000 0.030003250399
0.360000 0.030003250400
0.420000 0.030003250400
0.480000 0.030003250400
0.540000 0.030003250401
0.600000 0.030003250401
0.660000 0.030003250401
0.720000 0.030003250402
0.780000 0.030003250402
0.840000 0.030003250402
0.900000 0.030003250403
0.960000 0.030003250403
1.020000 0.030003181372
1.080000 0.030002989618
1.140000 0.030002818048
1.200000 0.030002663636
1.260000 0.030002523929
1.320000 0.030002396923
1.380000 0.030002280961
1.440000 0.030002174663
1.500000 0.030002076868
1.560000 0.030001986596
1.620000 0.030001903011
1.680000 0.030001825396
1.740000 0.030001753134
1.800000 0.030001685690
1.860000 0.030001622597
1.920000 0.030001563447
1.980000 0.030001507882
2.040000 0.030001469362
2.100000 0.030001439735
2.160000 0.030001411754
2.220000 0.030001385285
2.280000 0.030001360210
2.340000 0.030001336420
2.400000 0.030001313820
2.460000 0.030001292323
2.520000 0.030001271849
2.580000 0.030001252327
2.640000 0.030001233693
2.700000 0.030001215887
2.760000 0.030001198855
2.820000 0.030001182548
2.880000 0.030001166920
2.940000 0.030001151930
3.000000 0.030001137540
3.060000 0.030001110300
3.120000 0.030001084109
3.180000 0.030001058905
3.240000 0.030001034635
3.300000 0.030001011248
3.360000 0.030000988695
3.420000 0.030000966935
3.480000 0.030000945924
3.540000 0.030000925626
3.600000 0.030000906004
3.660000 0.030000887026
3.720000 0.030000868660
3.780000 0.030000850877
3.840000 0.030000833649
3.900000 0.030000816952
3.960000 0.030000800761
4.020000 0.030000788670
4.080000 0.030000785760
4.140000 0.030000782935
4.200000 0.030000780190
4.260000 0.030000777522
4.320000 0.030000774929
4.380000 0.030000772407
4.440000 0.030000769953
4.500000 0.030000767564
4.560000 0.030000765238
4.620000 0.030000762973
4.680000 0.030000760765
4.740000 0.030000758614
4.800000 0.030000756516
4.860000 0.030000754470
4.920000 0.030000752474
4.980000 0.030000750527
5.040000 0.030000744937
5.100000 0.030000737256
5.160000 0.030000729752
5.220000 0.030000722422
5.280000 0.030000715258
5.340000 0.030000708255
5.400000 0.030000701407
5.460000 0.030000694710
5.520000 0.030000688159
5.580000 0.030000681748
5.640000 0.030000675474
5.700000 0.030000669332
5.760000 0.030000663318
5.820000 0.030000657428
5.880000 0.030000651658
5.940000 0.030000646005
6.000000 0.030000640465
6.060000 0.030000638931
6.120000 0.030000637612
6.180000 0.030000636319
6.240000 0.030000635051
6.300000 0.030000633807
6.360000 0.030000632586
6.420000 0.030000631388
6.480000 0.030000630212
6.540000 0.030000629058
6.600000 0.030000627925
6.660000 0.030000626812
6.720000 0.030000625719
6.780000 0.030000624646
6.840000 0.030000623591
6.900000 0.030000622555
6.960000 0.030000621536
7.020000 0.030000620180
7.080000 0.030000617973
7.140000 0.030000615803
7.200000 0.030000613669
7.260000 0.030000611571
7.320000 0.030000609507
7.380000 0.030000607477
7.440000 0.030000605479
7.500000 0.030000603513
7.560000 0.030000601579
7.620000 0.030000599675
7.680000 0.030000597801
7.740000 0.030000595955
7.800000 0.030000594139
7.860000 0.030000592350
7.920000 0.030000590588
7.980000 0.030000588852
8.040000 0.030000591288
8.100000 0.030000596725
8.160000 0.030000602083
8.220000 0.030000607362
8.280000 0.030000612564
8.340000 0.030000617692
8.400000 0.030000622746
8.460000 0.030000627729
8.520000 0.030000632641
8.580000 0.030000637485
8.640000 0.030000642261
8.700000 0.030000646972
8.760000 0.030000651618
8.820000 0.030000656201
8.880000 0.030000660722
8.940000 0.030000665182
9.000000 0.030000669583
9.060000 0.030000670745
9.120000 0.030000671574
9.180000 0.030000672392
9.240000 0.030000673200
9.300000 0.030000673997
9.360000 0.030000674784
9.420000 0.030000675561
9.480000 0.030000676328
9.540000 0.030000677085
9.600000 0.030000677833
9.660000 0.030000678572
9.720000 0.030000679301
9.780000 0.030000680022
9.840000 0.030000680733
9.900000 0.030000681437
9.960000 0.030000682131
10.020000 0.030000684584
10.080000 0.030000692509
10.140000 0.030000700340
10.200000 0.030000708079
10.260000 0.030000715727
10.320000 0.030000723287
10.380000 0.030000730759
10.440000 0.030000738145
10.500000 0.030000745446
10.560000 0.030000752665
10.620000 0.030000759802
10.680000 0.030000766859
10.740000 0.030000773837
10.800000 0.030000780738
10.860000 0.030000787562
10.920000 0.030000794312
10.980000 0.030000800987
11.040000 0.030000805506
11.100000 0.030000808445
11.160000 0.030000811353
11.220000 0.030000814229
11.280000 0.030000817075
11.340000 0.030000819891
11.400000 0.030000822677
11.460000 0.030000825435
11.520000 0.030000828163
11.580000 0.030000830863
11.640000 0.030000833535
11.700000 0.030000836180
11.760000 0.030000838798
11.820000 0.030000841389
11.880000 0.030000843954
11.940000 0.030000846494
12.000000 0.030000849008
12.060000 0.030000857518
12.120000 0.030000866896
12.180000 0.030000876181
12.240000 0.030000885375
12.300000 0.030000894479
12.360000 0.030000903495
12.420000 0.030000912424
12.480000 0.030000921267
12.540000 0.030000930025
12.600000 0.030000938700
12.660000 0.030000947293
12.720000 0.030000955805
12.780000 0.030000964236
12.840000 0.030000972589
12.900000 0.030000980864
12.960000 0.030000989063
13.020000 0.030000996613
13.080000 0.030001001759
13.140000 0.030001006858
13.200000 0.030001011911
13.260000 0.030001016918
13.320000 0.030001021880
13.380000 0.030001026797
13.440000 0.030001031671
13.500000 0.030001036501
13.560000 0.030001041288
13.620000 0.030001046033
13.680000 0.030001050737
13.740000 0.030001055399
13.800000 0.030001060021
13.860000 0.030001064603
13.920000 0.030001069146
13.980000 0.030001073649
14.040000 0.030001081227
14.100000 0.030001091491
14.160000 0.030001101669
14.220000 0.030001111760
14.280000 0.030001121767
14.340000 0.030001131690
14.400000 0.030001141531
14.460000 0.030001151289
14.520000 0.030001160968
14.580000 0.030001170566
14.640000 0.030001180086
14.700000 0.030001189528
14.760000 0.030001198893
14.820000 0.030001208183
14.880000 0.030001217397
14.940000 0.030001226538
15.000000 0.030001235605
15.060000 0.030001242271
15.120000 0.030001248516
15.180000 0.030001254711
15.240000 0.030001260857
15.300000 0.030001266955
15.360000 0.030001273006
15.420000 0.030001279009
15.480000 0.030001284966
15.540000 0.030001290877
15.600000 0.030001296743
15.660000 0.030001302563
15.720000 0.030001308339
15.780000 0.030001314072
15.840000 0.030001319760
15.900000 0.030001325406
15.960000 0.030001331009
16.020000 0.030001337377
16.080000 0.030001348226
16.140000 0.030001358994
16.200000 0.030001369682
16.260000 0.030001380291
16.320000 0.030001390823
16.380000 0.030001401277
16.440000 0.030001411655
16.500000 0.030001421957
16.560000 0.030001432185
16.620000 0.030001442339
16.680000 0.030001452420
16.740000 0.030001462428
16.800000 0.030001472365
16.860000 0.030001482232
16.920000 0.030001492028
16.980000 0.030001501755
17.040000 0.030001510119
17.100000 0.030001517048
17.160000 0.030001523929
17.220000 0.030001530762
17.280000 0.030001537547
17.340000 0.030001544286
17.400000 0.030001550978
17.460000 0.030001557624
17.520000 0.030001564224
17.580000 0.030001570779
17.640000 0.030001577290
17.700000 0.030001583757
17.760000 0.030001590180
17.820000 0.030001596560
17.880000 0.030001602897
17.940000 0.030001609191
18.000000 0.030001615444
18.060000 0.030001625584
18.120000 0.030001636532
18.180000 0.030001647408
18.240000 0.030001658212
18.300000 0.030001668946
18.360000 0.030001679609
18.420000 0.030001690203
18.480000 0.030001700728
18.540000 0.030001711185
18.600000 0.030001721575
18.660000 0.030001731898
18.720000 0.030001742154
18.780000 0.030001752345
18.840000 0.030001762471
18.900000 0.030001772533
18.960000 0.030001782531
19.020000 0.030001792085
19.080000 0.030001799438
19.140000 0.030001806744
19.200000 0.030001814004
19.260000 0.030001821219
19.320000 0.030001828390
19.380000 0.030001835516
19.440000 0.030001842598
19.500000 0.030001849636
19.560000 0.030001856631
19.620000 0.030001863584
19.680000 0.030001870494
19.740000 0.030001877362
19.800000 0.030001884188
19.860000 0.030001890974
19.920000 0.030001897718
19.980000 0.030001904422
20.040000 0.030001913095
20.100000 0.030001924284
20.160000 0.030001935406
20.220000 0.030001946462
20.280000 0.030001957453
20.340000 0.030001968379
20.400000 0.030001979241
20.460000 0.030001990039
20.520000 0.030002000774
20.580000 0.030002011446
20.640000 0.030002022056
20.700000 0.030002032605
20.760000 0.030002043093
20.820000 0.030002053520
20.880000 0.030002063887
20.940000 0.030002074195
21.000000 0.030002084444
21.060000 0.030002092616
21.120000 0.030002100147
21.180000 0.030002107634
21.240000 0.030002115080
21.300000 0.030002122483
21.360000 0.030002129845
21.420000 0.030002137165
21.480000 0.030002144445
21.540000 0.030002151684
21.600000 0.030002158883
21.660000 0.030002166042
21.720000 0.030002173161
21.780000 0.030002180242
21.840000 0.030002187283
21.900000 0.030002194286
21.960000 0.030002201250
22.020000 0.030002208605
22.080000 0.030002219558
22.140000 0.030002230452
22.200000 0.030002241287
22.260000 0.030002252063
22.320000 0.030002262782
22.380000 0.030002273443
22.440000 0.030002284047
22.500000 0.030002294594
22.560000 0.030002305086
22.620000 0.030002315521
22.680000 0.030002325902
22.740000 0.030002336228
22.800000 0.030002346499
22.860000 0.030002356717
22.920000 0.030002366881
22.980000 0.030002376992
23.040000 0.030002385750
23.100000 0.030002392802
23.160000 0.030002399818
23.220000 0.030002406797
23.280000 0.030002413740
23.340000 0.030002420648
23.400000 0.030002427520
23.460000 0.030002434357
23.520000 0.030002441159
23.580000 0.030002447927
23.640000 0.030002454660
23.700000 0.030002461359
23.760000 0.030002468025
23.820000 0.030002474656
23.880000 0.030002481255
23.940000 0.030002487820
24.000000 0.030002494352
24.060000 0.030002503466
24.120000 0.030002513518
24.180000 0.030002523520
24.240000 0.030002533472
24.300000 0.030002543376
24.360000 0.030002553230
24.420000 0.030002563037
24.480000 0.030002572795
24.540000 0.030002582505
24.600000 0.030002592168
24.660000 0.030002601784
24.720000 0.030002611354
24.780000 0.030002620877
24.840000 0.030002630354
24.900000 0.030002639785
24.960000 0.030002649171
25.020000 0.030002658296
25.080000 0.030002663959
25.140000 0.030002669595
25.200000 0.030002675204
25.260000 0.030002680786
25.320000 0.030002686342
25.380000 0.030002691872
25.440000 0.030002697375
25.500000 0.030002702853
25.560000 0.030002708305
25.620000 0.030002713731
25.680000 0.030002719132
25.740000 0.030002724508
25.800000 0.030002729859
25.860000 0.030002735185
25.920000 0.030002740487
25.980000 0.030002745764
26.040000 0.030002752726
26.100000 0.030002762295
26.160000 0.030002771820
26.220000 0.030002781302
26.280000 0.030002790740
26.340000 0.030002800135
26.400000 0.030002809487
26.460000 0.030002818797
26.520000 0.030002828065
26.580000 0.030002837291
26.640000 0.030002846476
26.700000 0.030002855619
26.760000 0.030002864721
26.820000 0.030002873783
26.880000 0.030002882804
26.940000 0.030002891785
27.000000 0.030002900726
27.060000 0.030002906185
27.120000 0.030002910324
27.180000 0.030002914444
27.240000 0.030002918546
27.300000 0.030002922631
27.360000 0.030002926697
27.420000 0.030002930746
27.480000 0.030002934777
27.540000 0.030002938790
27.600000 0.030002942786
27.660000 0.030002946764
27.720000 0.030002950726
27.780000 0.030002954670
27.840000 0.030002958597
27.900000 0.030002962508
27.960000 0.030002966401
28.020000 0.030002970328
28.080000 0.030002977808
28.140000 0.030002985255
28.200000 0.030002992672
28.260000 0.030003000056
28.320000 0.030003007410
28.380000 0.030003014732
28.440000 0.030003022024
28.500000 0.030003029284
28.560000 0.030003036515
28.620000 0.030003043714
28.680000 0.030003050884
28.740000 0.030003058024
28.800000 0.030003065134
28.860000 0.030003072215
28.920000 0.030003079266
28.980000 0.030003086288
29.040000 0.030003092545
29.100000 0.030003097394
29.160000 0.030003102223
29.220000 0.030003107032
29.280000 0.030003111822
29.340000 0.030003116592
29.400000 0.030003121342
29.460000 0.030003126074
29.520000 0.030003130785
29.580000 0.030003135478
29.640000 0.030003140152
29.700000 0.030003144807
29.760000 0.030003149443
29.820000 0.030003154061
29.880000 0.030003158660
29.940000 0.030003163240
30.000000 0.030003167802
30.060000 0.030003174642
30.120000 0.030003182531
30.180000 0.030003190389
30.240000 0.030003198215
30.300000 0.030003206010
30.360000 0.030003213775
30.420000 0.030003221509
30.480000 0.030003229212
30.540000 0.030003236885
30.600000 0.030003244529
30.660000 0.030003252142
30.720000 0.030003259725
30.780000 0.030003267279
30.840000 0.030003274804
30.900000 0.030003282299
30.960000 0.030003289765
31.020000 0.030003297168
31.080000 0.030003302044
31.140000 0.030003306901
31.200000 0.030003311740
31.260000 0.030003316559
31.320000 0.030003321361
31.380000 0.030003326144
31.440000 0.030003330909
31.500000 0.030003335655
31.560000 0.030003340384
31.620000 0.030003345095
31.680000 0.030003349788
31.740000 0.030003354463
31.800000 0.030003359120
31.860000 0.030003363760
31.920000 0.030003368383
31.980000 0.030003372988
32.040000 0.030003377123
32.100000 0.030003380195
32.160000 0.030003383255
32.220000 0.030003386304
32.280000 0.030003389341
32.340000 0.030003392367
32.400000 0.030003395382
32.460000 0.030003398386
32.520000 0.030003401379
32.580000 0.030003404361
32.640000 0.030003407331
32.700000 0.030003410291
32.760000 0.030003413240
32.820000 0.030003416179
32.880000 0.030003419106
32.940000 0.030003422023
33.000000 0.030003424929
33.060000 0.030003424681
33.120000 0.030003422627
33.180000 0.030003420581
33.240000 0.030003418542
33.300000 0.030003416511
33.360000 0.030003414486
33.420000 0.030003412469
33.480000 0.030003410460
33.540000 0.030003408457
33.600000 0.030003406462
33.660000 0.030003404473
33.720000 0.030003402492
33.780000 0.030003400518
33.840000 0.030003398551
33.900000 0.030003396591
33.960000 0.030003394637
34.020000 0.030003392691
34.080000 0.030003398402
34.140000 0.030003404345
34.200000 0.030003410267
34.260000 0.030003416168
34.320000 0.030003422049
34.380000 0.030003427910
34.440000 0.030003433749
34.500000 0.030003439569
34.560000 0.030003445368
34.620000 0.030003451148
34.680000 0.030003456907
34.740000 0.030003462646
34.800000 0.030003468366
34.860000 0.030003474066
34.920000 0.030003479746
34.980000 0.030003485407
35.040000 0.030003490898
35.100000 0.030003496021
35.160000 0.030003501127
35.220000 0.030003506215
35.280000 0.030003511286
35.340000 0.030003516340
35.400000 0.030003521377
35.460000 0.030003526396
35.520000 0.030003531399
35.580000 0.030003536385
35.640000 0.030003541354
35.700000 0.030003546306
35.760000 0.030003551242
35.820000 0.030003556161
35.880000 0.030003561064
35.940000 0.030003565951
36.000000 0.030003570821
36.060000 0.030003571852
36.120000 0.030003570217
36.180000 0.030003568588
36.240000 0.030003566965
36.300000 0.030003565346
36.360000 0.030003563733
36.420000 0.030003562125
36.480000 0.030003560523
36.540000 0.030003558926
36.600000 0.030003557334
36.660000 0.030003555747
36.720000 0.030003554166
36.780000 0.030003552589
36.840000 0.030003551018
36.900000 0.030003549452
36.960000 0.030003547891
37.020000 0.030003546335
37.080000 0.030003538002
37.140000 0.030003529127
37.200000 0.030003520280
37.260000 0.030003511461
37.320000 0.030003502671
37.380000 0.030003493910
37.440000 0.030003485176
37.500000 0.030003476470
37.560000 0.030003467792
37.620000 0.030003459142
37.680000 0.030003450519
37.740000 0.030003441924
37.800000 0.030003433356
37.860000 0.030003424815
37.920000 0.030003416301
37.980000 0.030003407814
38.040000 0.030003400624
38.100000 0.030003397145
38.160000 0.030003393678
38.220000 0.030003390221
38.280000 0.030003386775
38.340000 0.030003383340
38.400000 0.030003379916
38.460000 0.030003376502
38.520000 0.030003373099
38.580000 0.030003369707
38.640000 0.030003366325
38.700000 0.030003362953
38.760000 0.030003359592
38.820000 0.030003356242
38.880000 0.030003352902
38.940000 0.030003349572
39.000000 0.030003346252
39.060000 0.030003352211
39.120000 0.030003364609
39.180000 0.030003376969
39.240000 0.030003389291
39.300000 0.030003401575
39.360000 0.030003413822
39.420000 0.030003426032
39.480000 0.030003438205
39.540000 0.030003450340
39.600000 0.030003462439
39.660000 0.030003474502
39.720000 0.030003486527
39.780000 0.030003498517
39.840000 0.030003510471
39.900000 0.030003522388
39.960000 0.030003534270
40.020000 0.030003546116
40.080000 0.030003533602
40.140000 0.030003517710
40.200000 0.030003501865
40.260000 0.030003486067
40.320000 0.030003470317
40.380000 0.030003454613
40.440000 0.030003438956
40.500000 0.030003423345
40.560000 0.030003407780
40.620000 0.030003392262
40.680000 0.030003376789
40.740000 0.030003361361
40.800000 0.030003345980
40.860000 0.030003330643
40.920000 0.030003315351
40.980000 0.030003300104
41.040000 0.030003285378
41.100000 0.030003272481
41.160000 0.030003259622
41.220000 0.030003246801
41.280000 0.030003234016
41.340000 0.030003221269
41.400000 0.030003208559
41.460000 0.030003195886
41.520000 0.030003183249
41.580000 0.030003170649
41.640000 0.030003158085
41.700000 0.030003145557
41.760000 0.030003133065
41.820000 0.030003120609
41.880000 0.030003108189
41.940000 0.030003095804
42.000000 0.030003083455
42.060000 0.030003084449
42.120000 0.030003096608
42.180000 0.030003108733
42.240000 0.030003120823
42.300000 0.030003132879
42.360000 0.030003144900
42.420000 0.030003156888
42.480000 0.030003168842
42.540000 0.030003180762
42.600000 0.030003192648
42.660000 0.030003204501
42.720000 0.030003216321
42.780000 0.030003228108
42.840000 0.030003239862
42.900000 0.030003251582
42.960000 0.030003263271
43.020000 0.030003274926
43.080000 0.030003253798
43.140000 0.030003228130
43.200000 0.030003202533
43.260000 0.030003177008
43.320000 0.030003151553
43.380000 0.030003126168
43.440000 0.030003100854
43.500000 0.030003075609
43.560000 0.030003050434
43.620000 0.030003025328
43.680000 0.030003000291
43.740000 0.030002975323
43.800000 0.030002950424
43.860000 0.030002925592
43.920000 0.030002900829
43.980000 0.030002876133
44.040000 0.030002857020
44.100000 0.030002865963
44.160000 0.030002874882
44.220000 0.030002883776
44.280000 0.030002892647
44.340000 0.030002901493
44.400000 0.030002910316
44.460000 0.030002919115
44.520000 0.030002927890
44.580000 0.030002936641
44.640000 0.030002945369
44.700000 0.030002954073
44.760000 0.030002962754
44.820000 0.030002971412
44.880000 0.030002980047
44.940000 0.030002988659
45.000000 0.030002997248
45.060000 0.030002985846
45.120000 0.030002954351
45.180000 0.030002922940
45.240000 0.030002891612
45.300000 0.030002860367
45.360000 0.030002829205
45.420000 0.030002798125
45.480000 0.030002767127
45.540000 0.030002736211
45.600000 0.030002705376
45.660000 0.030002674623
45.720000 0.030002643950
45.780000 0.030002613357
45.840000 0.030002582845
45.900000 0.030002552412
45.960000 0.030002522059
46.020000 0.030002491785
46.080000 0.030002476827
46.140000 0.030002465002
46.200000 0.030002453207
46.260000 0.030002441443
46.320000 0.030002429709
46.380000 0.030002418006
46.440000 0.030002406333
46.500000 0.030002394690
46.560000 0.030002383077
46.620000 0.030002371494
46.680000 0.030002359940
46.740000 0.030002348417
46.800000 0.030002336922
46.860000 0.030002325458
46.920000 0.030002314022
46.980000 0.030002302616
47.040000 0.030002289564
47.100000 0.030002268042
47.160000 0.030002246574
47.220000 0.030002225160
47.280000 0.030002203801
47.340000 0.030002182496
47.400000 0.030002161245
47.460000 0.030002140048
47.520000 0.030002118904
47.580000 0.030002097814
47.640000 0.030002076777
47.700000 0.030002055793
47.760000 0.030002034861
47.820000 0.030002013982
47.880000 0.030001993155
47.940000 0.030001972381
48.000000 0.030001951658
48.060000 0.030001931686
48.120000 0.030001912608
48.180000 0.030001893578
48.240000 0.030001874595
48.300000 0.030001855660
48.360000 0.030001836771
48.420000 0.030001817929
48.480000 0.030001799134
48.540000 0.030001780385
48.600000 0.030001761683
48.660000 0.030001743027
48.720000 0.030001724416
48.780000 0.030001705852
48.840000 0.030001687333
48.900000 0.030001668860
48.960000 0.030001650432
49.020000 0.030001632049
49.080000 0.030001598311
49.140000 0.030001560452
49.200000 0.030001522686
49.260000 0.030001485013
49.320000 0.030001447430
49.380000 0.030001409940
49.440000 0.030001372540
49.500000 0.030001335231
49.560000 0.030001298012
49.620000 0.030001260884
49.680000 0.030001223845
49.740000 0.030001186896
49.800000 0.030001150035
49.860000 0.030001113264
49.920000 0.030001076581
49.980000 0.030001039986
50.040000 0.030001005516
50.100000 0.030000986228
50.160000 0.030000966987
50.220000 0.030000947791
50.280000 0.030000928642
50.340000 0.030000909538
50.400000 0.030000890479
50.460000 0.030000871466
50.520000 0.030000852498
50.580000 0.030000833575
50.640000 0.030000814697
50.700000 0.030000795864
50.760000 0.030000777075
50.820000 0.030000758330
50.880000 0.030000739630
50.940000 0.030000720974
51.000000 0.030000702362
51.060000 0.030000673101
51.120000 0.030000630963
51.180000 0.030000588925
51.240000 0.030000546985
51.300000 0.030000505143
51.360000 0.030000463399
51.420000 0.030000421752
51.480000 0.030000380203
51.540000 0.030000338750
51.600000 0.030000297394
51.660000 0.030000256134
51.720000 0.030000214970
51.780000 0.030000173901
51.840000 0.030000132928
51.900000 0.030000092049
51.960000 0.030000051265
52.020000 0.030000010575
52.080000 0.030000000000
52.140000 0.030000000000
52.200000 0.030000000000
52.260000 0.030000000000
52.320000 0.030000000000
52.380000 0.030000000000
52.440000 0.030000000000
52.500000 0.030000000000
52.560000 0.030000000000
52.620000 0.030000000000
52.680000 0.030000000000
52.740000 0.030000000000
52.800000 0.030000000000
52.860000 0.030000000000
52.920000 0.030000000000
52.980000 0.030000000000
53.040000 0.030000000000
53.100000 0.030000000000
53.160000 0.030000000000
53.220000 0.030000000000
53.280000 0.030000000000
53.340000 0.030000000000
53.400000 0.030000000000
53.460000 0.030000000000
53.520000 0.030000000000
53.580000 0.030000000000
53.640000 0.030000000000
53.700000 0.030000000000
53.760000 0.030000000000
53.820000 0.030000000000
53.880000 0.030000000000
53.940000 0.030000000000
54.000000 0.030000000000
54.060000 0.030000000000
54.120000 0.030000000000
54.180000 0.030000000000
54.240000 0.030000000000
54.300000 0.030000000000
54.360000 0.030000000000
54.420000 0.030000000000
54.480000 0.030000000000
54.540000 0.030000000000
54.600000 0.030000000000
54.660000 0.030000000000
54.720000 0.030000000000
54.780000 0.030000000000
54.840000 0.030000000000
54.900000 0.030000000000
54.960000 0.030000000000
55.020000 0.030000000000
55.080000 0.030000000000
55.140000 0.030000000000
55.200000 0.030000000000
55.260000 0.030000000000
55.320000 0.030000000000
55.380000 0.030000000000
55.440000 0.030000000000
55.500000 0.030000000000
55.560000 0.030000000000
55.620000 0.030000000000
55.680000 0.030000000000
55.740000 0.030000000000
55.800000 0.030000000000
55.860000 0.030000000000
55.920000 0.030000000000
55.980000 0.030000000000
56.040000 0.030000000000
56.100000 0.030000000000
56.160000 0.030000000000
56.220000 0.030000000000
56.280000 0.030000000000
56.340000 0.030000000000
56.400000 0.030000000000
56.460000 0.030000000000
56.520000 0.030000000000
56.580000 0.030000000000
56.640000 0.030000000000
56.700000 0.030000000000
56.760000 0.030000000000
56.820000 0.030000000000
56.880000 0.030000000000
56.940000 0.030000000000
57.000000 0.030000000000
57.060000 0.030000000000
57.120000 0.030000000000
57.180000 0.030000000000
57.240000 0.030000000000
57.300000 0.030000000000
57.360000 0.030000000000
57.420000 0.030000000000
57.480000 0.030000000000
57.540000 0.030000000000
57.600000 0.030000000000
57.660000 0.030000000000
57.720000 0.030000000000
57.780000 0.030000000000
57.840000 0.030000000000
57.900000 0.030000000000
57.960000 0.030000000000
58.020000 0.030000000000
58.080000 0.030000000000
58.140000 0.030000000000
58.200000 0.030000000000
58.260000 0.030000000000
58.320000 0.030000000000
58.380000 0.030000000000
58.440000 0.030000000000
58.500000 0.030000000000
58.560000 0.030000000000
58.620000 0.030000000000
58.680000 0.030000000000
58.740000 0.030000000000
58.800000 0.030000000000
58.860000 0.030000000000
58.920000 0.030000000000
58.980000 0.030000000000
59.040000 0.030000000000
59.100000 0.030000000000
59.160000 0.030000000000
59.220000 0.030000000000
59.280000 0.030000000000
59.340000 0.030000000000
59.400000 0.030000000000
59.460000 0.030000000000
59.520000 0.030000000000
59.580000 0.030000000000
59.640000 0.030000000000
59.700000 0.030000000000
59.760000 0.030000000000
59.820000 0.030000000000
59.880000 0.030000000000
59.940000 0.030000000000
60.000000 0.030000000000
