0.060000 0.030909158011
0.120000 0.030909182810
0.180000 0.030909207610
0.240000 0.030909232412
0.300000 0.030909257216
0.360000 0.030909282021
0.420000 0.030909306829
0.480000 0.030909331638
0.540000 0.030909356449
0.600000 0.030909381262
0.660000 0.030909406077
0.720000 0.030909430893
0.780000 0.030909455711
0.840000 0.030909480531
0.900000 0.030909505353
0.960000 0.030909530177
1.020000 0.030891802204
1.080000 0.030842511864
1.140000 0.030798409980
1.200000 0.030758718285
1.260000 0.030722806751
1.320000 0.030690159903
1.380000 0.030660351910
1.440000 0.030633027918
1.500000 0.030607889844
1.560000 0.030584685469
1.620000 0.030563199936
1.680000 0.030543249084
1.740000 0.030524674153
1.800000 0.030507337551
1.860000 0.030491119440
1.920000 0.030475914960
1.980000 0.030461631964
2.040000 0.030448559981
2.100000 0.030436415090
2.160000 0.030424944916
2.220000 0.030414094752
2.280000 0.030403815650
2.340000 0.030394063683
2.400000 0.030384799315
2.460000 0.030375986868
2.520000 0.030367594062
2.580000 0.030359591620
2.640000 0.030351952926
2.700000 0.030344653730
2.760000 0.030337671891
2.820000 0.030330987153
2.880000 0.030324580946
2.940000 0.030318436218
3.000000 0.030312537279
3.060000 0.030306625614
3.120000 0.030300941321
3.180000 0.030295471530
3.240000 0.030290204324
3.300000 0.030285128652
3.360000 0.030280234255
3.420000 0.030275511591
3.480000 0.030270951778
3.540000 0.030266546535
3.600000 0.030262288133
3.660000 0.030258169351
3.720000 0.030254183433
3.780000 0.030250324053
3.840000 0.030246585278
3.900000 0.030242961543
3.960000 0.030239447617
4.020000 0.030236116566
4.080000 0.030233073740
4.140000 0.030230119114
4.200000 0.030227248906
4.260000 0.030224459549
4.320000 0.030221747676
4.380000 0.030219110101
4.440000 0.030216543812
4.500000 0.030214045959
4.560000 0.030211613839
4.620000 0.030209244892
4.680000 0.030206936688
4.740000 0.030204686920
4.800000 0.030202493397
4.860000 0.030200354035
4.920000 0.030198266854
4.980000 0.030196229967
5.040000 0.030194133938
5.100000 0.030192022308
5.160000 0.030189959787
5.220000 0.030187944680
5.280000 0.030185975371
5.340000 0.030184050316
5.400000 0.030182168040
5.460000 0.030180327133
5.520000 0.030178526246
5.580000 0.030176764088
5.640000 0.030175039423
5.700000 0.030173351067
5.760000 0.030171697885
5.820000 0.030170078789
5.880000 0.030168492736
5.940000 0.030166938725
6.000000 0.030165415794
6.060000 0.030164092170
6.120000 0.030162802514
6.180000 0.030161537901
6.240000 0.030160297608
6.300000 0.030159080939
6.360000 0.030157887228
6.420000 0.030156715830
6.480000 0.030155566124
6.540000 0.030154437515
6.600000 0.030153329426
6.660000 0.030152241304
6.720000 0.030151172613
6.780000 0.030150122837
6.840000 0.030149091480
6.900000 0.030148078059
6.960000 0.030147082111
7.020000 0.030146064133
7.080000 0.030144967517
7.140000 0.030143889332
7.200000 0.030142829116
7.260000 0.030141786425
7.320000 0.030140760828
7.380000 0.030139751907
7.440000 0.030138759259
7.500000 0.030137782493
7.560000 0.030136821232
7.620000 0.030135875109
7.680000 0.030134943769
7.740000 0.030134026869
7.800000 0.030133124075
7.860000 0.030132235064
7.920000 0.030131359523
7.980000 0.030130497149
8.040000 0.030129732554
8.100000 0.030129041492
8.160000 0.030128360594
8.220000 0.030127689637
8.280000 0.030127028405
8.340000 0.030126376687
8.400000 0.030125734280
8.460000 0.030125100985
8.520000 0.030124476611
8.580000 0.030123860970
8.640000 0.030123253880
8.700000 0.030122655164
8.760000 0.030122064650
8.820000 0.030121482171
8.880000 0.030120907564
8.940000 0.030120340671
9.000000 0.030119781336
9.060000 0.030119122826
9.120000 0.030118462340
9.180000 0.030117810487
9.240000 0.030117167100
9.300000 0.030116532015
9.360000 0.030115905072
9.420000 0.030115286116
9.480000 0.030114674995
9.540000 0.030114071561
9.600000 0.030113475670
9.660000 0.030112887181
9.720000 0.030112305958
9.780000 0.030111731867
9.840000 0.030111164777
9.900000 0.030110604561
9.960000 0.030110051095
10.020000 0.030109532373
10.080000 0.030109107363
10.140000 0.030108687384
10.200000 0.030108272346
10.260000 0.030107862162
10.320000 0.030107456749
10.380000 0.030107056024
10.440000 0.030106659904
10.500000 0.030106268313
10.560000 0.030105881171
10.620000 0.030105498405
10.680000 0.030105119940
10.740000 0.030104745704
10.800000 0.030104375627
10.860000 0.030104009640
10.920000 0.030103647674
10.980000 0.030103289666
11.040000 0.030102871486
11.100000 0.030102410797
11.160000 0.030101955063
11.220000 0.030101504203
11.280000 0.030101058139
11.340000 0.030100616796
11.400000 0.030100180098
11.460000 0.030099747973
11.520000 0.030099320350
11.580000 0.030098897158
11.640000 0.030098478329
11.700000 0.030098063796
11.760000 0.030097653493
11.820000 0.030097247355
11.880000 0.030096845320
11.940000 0.030096447326
12.000000 0.030096053312
12.060000 0.030095750699
12.120000 0.030095464899
12.180000 0.030095181916
12.240000 0.030094901708
12.300000 0.030094624234
12.360000 0.030094349454
12.420000 0.030094077329
12.480000 0.030093807822
12.540000 0.030093540894
12.600000 0.030093276508
12.660000 0.030093014629
12.720000 0.030092755221
12.780000 0.030092498249
12.840000 0.030092243679
12.900000 0.030091991478
12.960000 0.030091741612
13.020000 0.030091473596
13.080000 0.030091124710
13.140000 0.030090779009
13.200000 0.030090436452
13.260000 0.030090096994
13.320000 0.030089760595
13.380000 0.030089427213
13.440000 0.030089096808
13.500000 0.030088769339
13.560000 0.030088444769
13.620000 0.030088123058
13.680000 0.030087804170
13.740000 0.030087488066
13.800000 0.030087174711
13.860000 0.030086864070
13.920000 0.030086556106
13.980000 0.030086250786
14.040000 0.030085994836
14.100000 0.030085782408
14.160000 0.030085571781
14.220000 0.030085362931
14.280000 0.030085155837
14.340000 0.030084950476
14.400000 0.030084746827
14.460000 0.030084544868
14.520000 0.030084344578
14.580000 0.030084145937
14.640000 0.030083948925
14.700000 0.030083753522
14.760000 0.030083559707
14.820000 0.030083367462
14.880000 0.030083176768
14.940000 0.030082987605
15.000000 0.030082799957
15.060000 0.030082519458
15.120000 0.030082226269
15.180000 0.030081935398
15.240000 0.030081646817
15.300000 0.030081360500
15.360000 0.030081076420
15.420000 0.030080794550
15.480000 0.030080514865
15.540000 0.030080237341
15.600000 0.030079961951
15.660000 0.030079688671
15.720000 0.030079417477
15.780000 0.030079148346
15.840000 0.030078881254
15.900000 0.030078616177
15.960000 0.030078353093
16.020000 0.030078104346
16.080000 0.030077926889
16.140000 0.030077750751
16.200000 0.030077575918
16.260000 0.030077402376
16.320000 0.030077230110
16.380000 0.030077059106
16.440000 0.030076889351
16.500000 0.030076720831
16.560000 0.030076553532
16.620000 0.030076387441
16.680000 0.030076222545
16.740000 0.030076058831
16.800000 0.030075896287
16.860000 0.030075734900
16.920000 0.030075574658
16.980000 0.030075415548
17.040000 0.030075203386
17.100000 0.030074935165
17.160000 0.030074668820
17.220000 0.030074404330
17.280000 0.030074141677
17.340000 0.030073880842
17.400000 0.030073621806
17.460000 0.030073364550
17.520000 0.030073109057
17.580000 0.030072855307
17.640000 0.030072603283
17.700000 0.030072352968
17.760000 0.030072104345
17.820000 0.030071857395
17.880000 0.030071612103
17.940000 0.030071368452
18.000000 0.030071126425
18.060000 0.030070940567
18.120000 0.030070768093
18.180000 0.030070596757
18.240000 0.030070426548
18.300000 0.030070257455
18.360000 0.030070089468
18.420000 0.030069922575
18.480000 0.030069756766
18.540000 0.030069592030
18.600000 0.030069428357
18.660000 0.030069265737
18.720000 0.030069104159
18.780000 0.030068943614
18.840000 0.030068784091
18.900000 0.030068625581
18.960000 0.030068468075
19.020000 0.030068298429
19.080000 0.030068056060
19.140000 0.030067815210
19.200000 0.030067575866
19.260000 0.030067338013
19.320000 0.030067101638
19.380000 0.030066866726
19.440000 0.030066633264
19.500000 0.030066401239
19.560000 0.030066170637
19.620000 0.030065941446
19.680000 0.030065713652
19.740000 0.030065487243
19.800000 0.030065262206
19.860000 0.030065038529
19.920000 0.030064816200
19.980000 0.030064595205
20.040000 0.030064393826
20.100000 0.030064217016
20.160000 0.030064041258
20.220000 0.030063866544
20.280000 0.030063692863
20.340000 0.030063520206
20.400000 0.030063348566
20.460000 0.030063177932
20.520000 0.030063008296
20.580000 0.030062839649
20.640000 0.030062671982
20.700000 0.030062505288
20.760000 0.030062339557
20.820000 0.030062174781
20.880000 0.030062010952
20.940000 0.030061848063
21.000000 0.030061686104
21.060000 0.030061459938
21.120000 0.030061215844
21.180000 0.030060973133
21.240000 0.030060731793
21.300000 0.030060491812
21.360000 0.030060253181
21.420000 0.030060015886
21.480000 0.030059779917
21.540000 0.030059545262
21.600000 0.030059311911
21.660000 0.030059079854
21.720000 0.030058849078
21.780000 0.030058619574
21.840000 0.030058391331
21.900000 0.030058164339
21.960000 0.030057938587
22.020000 0.030057716262
22.080000 0.030057513807
22.140000 0.030057312449
22.200000 0.030057112180
22.260000 0.030056912990
22.320000 0.030056714871
22.380000 0.030056517815
22.440000 0.030056321813
22.500000 0.030056126856
22.560000 0.030055932936
22.620000 0.030055740045
22.680000 0.030055548174
22.740000 0.030055357316
22.800000 0.030055167463
22.860000 0.030054978606
22.920000 0.030054790738
22.980000 0.030054603851
23.040000 0.030054389988
23.100000 0.030054141519
23.160000 0.030053894338
23.220000 0.030053648435
23.280000 0.030053403799
23.340000 0.030053160422
23.400000 0.030052918293
23.460000 0.030052677402
23.520000 0.030052437741
23.580000 0.030052199300
23.640000 0.030051962069
23.700000 0.030051726040
23.760000 0.030051491203
23.820000 0.030051257550
23.880000 0.030051025071
23.940000 0.030050793757
24.000000 0.030050563601
24.060000 0.030050357104
24.120000 0.030050160110
24.180000 0.030049964092
24.240000 0.030049769046
24.300000 0.030049574963
24.360000 0.030049381836
24.420000 0.030049189658
24.480000 0.030048998422
24.540000 0.030048808122
24.600000 0.030048618750
24.660000 0.030048430300
24.720000 0.030048242764
24.780000 0.030048056137
24.840000 0.030047870412
24.900000 0.030047685581
24.960000 0.030047501640
25.020000 0.030047311613
25.080000 0.030047012348
25.140000 0.030046714512
25.200000 0.030046418095
25.260000 0.030046123088
25.320000 0.030045829479
25.380000 0.030045537259
25.440000 0.030045246419
25.500000 0.030044956948
25.560000 0.030044668837
25.620000 0.030044382077
25.680000 0.030044096657
25.740000 0.030043812569
25.800000 0.030043529803
25.860000 0.030043248350
25.920000 0.030042968200
25.980000 0.030042689346
26.040000 0.030042456970
26.100000 0.030042295394
26.160000 0.030042134559
26.220000 0.030041974460
26.280000 0.030041815092
26.340000 0.030041656451
26.400000 0.030041498530
26.460000 0.030041341326
26.520000 0.030041184834
26.580000 0.030041029048
26.640000 0.030040873964
26.700000 0.030040719576
26.760000 0.030040565882
26.820000 0.030040412875
26.880000 0.030040260551
26.940000 0.030040108906
27.000000 0.030039957935
27.060000 0.030039736408
27.120000 0.030039489043
27.180000 0.030039242771
27.240000 0.030038997585
27.300000 0.030038753477
27.360000 0.030038510441
27.420000 0.030038268469
27.480000 0.030038027554
27.540000 0.030037787689
27.600000 0.030037548868
27.660000 0.030037311084
27.720000 0.030037074330
27.780000 0.030036838599
27.840000 0.030036603886
27.900000 0.030036370182
27.960000 0.030036137482
28.020000 0.030035906024
28.080000 0.030035693203
28.140000 0.030035481289
28.200000 0.030035270278
28.260000 0.030035060163
28.320000 0.030034850939
28.380000 0.030034642601
28.440000 0.030034435141
28.500000 0.030034228556
28.560000 0.030034022840
28.620000 0.030033817986
28.680000 0.030033613990
28.740000 0.030033410846
28.800000 0.030033208550
28.860000 0.030033007095
28.920000 0.030032806476
28.980000 0.030032606689
29.040000 0.030032404068
29.100000 0.030032195412
29.160000 0.030031987615
29.220000 0.030031780673
29.280000 0.030031574579
29.340000 0.030031369328
29.400000 0.030031164916
29.460000 0.030030961337
29.520000 0.030030758586
29.580000 0.030030556659
29.640000 0.030030355549
29.700000 0.030030155252
29.760000 0.030029955764
29.820000 0.030029757079
29.880000 0.030029559193
29.940000 0.030029362100
30.000000 0.030029165796
30.060000 0.030028977515
30.120000 0.030028793378
30.180000 0.030028609974
30.240000 0.030028427298
30.300000 0.030028245345
30.360000 0.030028064113
30.420000 0.030027883596
30.480000 0.030027703790
30.540000 0.030027524691
30.600000 0.030027346295
30.660000 0.030027168598
30.720000 0.030026991595
30.780000 0.030026815282
30.840000 0.030026639657
30.900000 0.030026464713
30.960000 0.030026290449
31.020000 0.030026116678
31.080000 0.030025930586
31.140000 0.030025745211
31.200000 0.030025560550
31.260000 0.030025376599
31.320000 0.030025193352
31.380000 0.030025010807
31.440000 0.030024828960
31.500000 0.030024647806
31.560000 0.030024467341
31.620000 0.030024287561
31.680000 0.030024108463
31.740000 0.030023930043
31.800000 0.030023752297
31.860000 0.030023575220
31.920000 0.030023398810
31.980000 0.030023223063
32.040000 0.030023073965
32.100000 0.030022985566
32.160000 0.030022897497
32.220000 0.030022809755
32.280000 0.030022722340
32.340000 0.030022635249
32.400000 0.030022548481
32.460000 0.030022462034
32.520000 0.030022375906
32.580000 0.030022290095
32.640000 0.030022204599
32.700000 0.030022119418
32.760000 0.030022034548
32.820000 0.030021949989
32.880000 0.030021865739
32.940000 0.030021781795
33.000000 0.030021698157
33.060000 0.030021594091
33.120000 0.030021478492
33.180000 0.030021363311
33.240000 0.030021248546
33.300000 0.030021134194
33.360000 0.030021020254
33.420000 0.030020906724
33.480000 0.030020793601
33.540000 0.030020680882
33.600000 0.030020568566
33.660000 0.030020456651
33.720000 0.030020345135
33.780000 0.030020234014
33.840000 0.030020123288
33.900000 0.030020012954
33.960000 0.030019903011
34.020000 0.030019793455
34.080000 0.030019761892
34.140000 0.030019732997
34.200000 0.030019704205
34.260000 0.030019675513
34.320000 0.030019646921
34.380000 0.030019618429
34.440000 0.030019590036
34.500000 0.030019561742
34.560000 0.030019533547
34.620000 0.030019505449
34.680000 0.030019477448
34.740000 0.030019449544
34.800000 0.030019421737
34.860000 0.030019394025
34.920000 0.030019366408
34.980000 0.030019338886
35.040000 0.030019301389
35.100000 0.030019240716
35.160000 0.030019180251
35.220000 0.030019119992
35.280000 0.030019059938
35.340000 0.030019000087
35.400000 0.030018940440
35.460000 0.030018880994
35.520000 0.030018821750
35.580000 0.030018762705
35.640000 0.030018703859
35.700000 0.030018645211
35.760000 0.030018586760
35.820000 0.030018528504
35.880000 0.030018470443
35.940000 0.030018412577
36.000000 0.030018354903
36.060000 0.030018366184
36.120000 0.030018425323
36.180000 0.030018484267
36.240000 0.030018543015
36.300000 0.030018601569
36.360000 0.030018659930
36.420000 0.030018718100
36.480000 0.030018776078
36.540000 0.030018833866
36.600000 0.030018891465
36.660000 0.030018948876
36.720000 0.030019006099
36.780000 0.030019063136
36.840000 0.030019119988
36.900000 0.030019176655
36.960000 0.030019233138
37.020000 0.030019289438
37.080000 0.030019253933
37.140000 0.030019210844
37.200000 0.030019167894
37.260000 0.030019125082
37.320000 0.030019082408
37.380000 0.030019039871
37.440000 0.030018997470
37.500000 0.030018955205
37.560000 0.030018913075
37.620000 0.030018871079
37.680000 0.030018829217
37.740000 0.030018787488
37.800000 0.030018745892
37.860000 0.030018704427
37.920000 0.030018663094
37.980000 0.030018621892
38.040000 0.030018577215
38.100000 0.030018522205
38.160000 0.030018467368
38.220000 0.030018412704
38.280000 0.030018358211
38.340000 0.030018303888
38.400000 0.030018249735
38.460000 0.030018195752
38.520000 0.030018141936
38.580000 0.030018088288
38.640000 0.030018034806
38.700000 0.030017981491
38.760000 0.030017928340
38.820000 0.030017875354
38.880000 0.030017822531
38.940000 0.030017769871
39.000000 0.030017717373
39.060000 0.030017655480
39.120000 0.030017587120
39.180000 0.030017518969
39.240000 0.030017451027
39.300000 0.030017383292
39.360000 0.030017315763
39.420000 0.030017248441
39.480000 0.030017181323
39.540000 0.030017114409
39.600000 0.030017047697
39.660000 0.030016981188
39.720000 0.030016914879
39.780000 0.030016848771
39.840000 0.030016782862
39.900000 0.030016717151
39.960000 0.030016651637
40.020000 0.030016586320
40.080000 0.030016641578
40.140000 0.030016713573
40.200000 0.030016785355
40.260000 0.030016856922
40.320000 0.030016928277
40.380000 0.030016999420
40.440000 0.030017070352
40.500000 0.030017141075
40.560000 0.030017211589
40.620000 0.030017281895
40.680000 0.030017351993
40.740000 0.030017421886
40.800000 0.030017491574
40.860000 0.030017561057
40.920000 0.030017630337
40.980000 0.030017699414
41.040000 0.030017729685
41.100000 0.030017614891
41.160000 0.030017500432
41.220000 0.030017386306
41.280000 0.030017272513
41.340000 0.030017159050
41.400000 0.030017045917
41.460000 0.030016933111
41.520000 0.030016820632
41.580000 0.030016708477
41.640000 0.030016596647
41.700000 0.030016485138
41.760000 0.030016373950
41.820000 0.030016263081
41.880000 0.030016152531
41.940000 0.030016042297
42.000000 0.030015932378
42.060000 0.030015829440
42.120000 0.030015732390
42.180000 0.030015635617
42.240000 0.030015539119
42.300000 0.030015442894
42.360000 0.030015346943
42.420000 0.030015251263
42.480000 0.030015155854
42.540000 0.030015060714
42.600000 0.030014965843
42.660000 0.030014871238
42.720000 0.030014776899
42.780000 0.030014682826
42.840000 0.030014589016
42.900000 0.030014495468
42.960000 0.030014402183
43.020000 0.030014309157
43.080000 0.030014333304
43.140000 0.030014373802
43.200000 0.030014414187
43.260000 0.030014454460
43.320000 0.030014494623
43.380000 0.030014534674
43.440000 0.030014574614
43.500000 0.030014614445
43.560000 0.030014654166
43.620000 0.030014693778
43.680000 0.030014733281
43.740000 0.030014772676
43.800000 0.030014811963
43.860000 0.030014851143
43.920000 0.030014890216
43.980000 0.030014929183
44.040000 0.030014944050
44.100000 0.030014837075
44.160000 0.030014730392
44.220000 0.030014623998
44.280000 0.030014517893
44.340000 0.030014412076
44.400000 0.030014306545
44.460000 0.030014201299
44.520000 0.030014096337
44.580000 0.030013991658
44.640000 0.030013887260
44.700000 0.030013783144
44.760000 0.030013679306
44.820000 0.030013575747
44.880000 0.030013472465
44.940000 0.030013369460
45.000000 0.030013266729
45.060000 0.030013137835
45.120000 0.030012982639
45.180000 0.030012827856
45.240000 0.030012673485
45.300000 0.030012519524
45.360000 0.030012365971
45.420000 0.030012212824
45.480000 0.030012060082
45.540000 0.030011907744
45.600000 0.030011755807
45.660000 0.030011604270
45.720000 0.030011453132
45.780000 0.030011302392
45.840000 0.030011152046
45.900000 0.030011002094
45.960000 0.030010852535
46.020000 0.030010703367
46.080000 0.030010709183
46.140000 0.030010746372
46.200000 0.030010783465
46.260000 0.030010820462
46.320000 0.030010857363
46.380000 0.030010894168
46.440000 0.030010930879
46.500000 0.030010967495
46.560000 0.030011004017
46.620000 0.030011040444
46.680000 0.030011076779
46.740000 0.030011113020
46.800000 0.030011149168
46.860000 0.030011185224
46.920000 0.030011221188
46.980000 0.030011257060
47.040000 0.030011256053
47.100000 0.030011068285
47.160000 0.030010880996
47.220000 0.030010694184
47.280000 0.030010507848
47.340000 0.030010321985
47.400000 0.030010136595
47.460000 0.030009951674
47.520000 0.030009767222
47.580000 0.030009583237
47.640000 0.030009399716
47.700000 0.030009216659
47.760000 0.030009034062
47.820000 0.030008851926
47.880000 0.030008670247
47.940000 0.030008489025
48.000000 0.030008308256
48.060000 0.030008190449
48.120000 0.030008148608
48.180000 0.030008106872
48.240000 0.030008065239
48.300000 0.030008023710
48.360000 0.030007982284
48.420000 0.030007940961
48.480000 0.030007899740
48.540000 0.030007858620
48.600000 0.030007817603
48.660000 0.030007776687
48.720000 0.030007735871
48.780000 0.030007695156
48.840000 0.030007654541
48.900000 0.030007614026
48.960000 0.030007573610
49.020000 0.030007533293
49.080000 0.030007391847
49.140000 0.030007223119
49.200000 0.030007054805
49.260000 0.030006886901
49.320000 0.030006719408
49.380000 0.030006552322
49.440000 0.030006385644
49.500000 0.030006219370
49.560000 0.030006053501
49.620000 0.030005888034
49.680000 0.030005722968
49.740000 0.030005558301
49.800000 0.030005394032
49.860000 0.030005230160
49.920000 0.030005066683
49.980000 0.030004903600
50.040000 0.030004741623
50.100000 0.030004585327
50.160000 0.030004429406
50.220000 0.030004273858
50.280000 0.030004118683
50.340000 0.030003963879
50.400000 0.030003809444
50.460000 0.030003655378
50.520000 0.030003501679
50.580000 0.030003348346
50.640000 0.030003195377
50.700000 0.030003042772
50.760000 0.030002890528
50.820000 0.030002738645
50.880000 0.030002587121
50.940000 0.030002435955
51.000000 0.030002285147
51.060000 0.030002141941
51.120000 0.030002007846
51.180000 0.030001874067
51.240000 0.030001740602
51.300000 0.030001607450
51.360000 0.030001474609
51.420000 0.030001342080
51.480000 0.030001209861
51.540000 0.030001077950
51.600000 0.030000946347
51.660000 0.030000815051
51.720000 0.030000684060
51.780000 0.030000553373
51.840000 0.030000422990
51.900000 0.030000292910
51.960000 0.030000163130
52.020000 0.030000033651
52.080000 0.030000000000
52.140000 0.030000000000
52.200000 0.030000000000
52.260000 0.030000000000
52.320000 0.030000000000
52.380000 0.030000000000
52.440000 0.030000000000
52.500000 0.030000000000
52.560000 0.030000000000
52.620000 0.030000000000
52.680000 0.030000000000
52.740000 0.030000000000
52.800000 0.030000000000
52.860000 0.030000000000
52.920000 0.030000000000
52.980000 0.030000000000
53.040000 0.030000000000
53.100000 0.030000000000
53.160000 0.030000000000
53.220000 0.030000000000
53.280000 0.030000000000
53.340000 0.030000000000
53.400000 0.030000000000
53.460000 0.030000000000
53.520000 0.030000000000
53.580000 0.030000000000
53.640000 0.030000000000
53.700000 0.030000000000
53.760000 0.030000000000
53.820000 0.030000000000
53.880000 0.030000000000
53.940000 0.030000000000
54.000000 0.030000000000
54.060000 0.030000000000
54.120000 0.030000000000
54.180000 0.030000000000
54.240000 0.030000000000
54.300000 0.030000000000
54.360000 0.030000000000
54.420000 0.030000000000
54.480000 0.030000000000
54.540000 0.030000000000
54.600000 0.030000000000
54.660000 0.030000000000
54.720000 0.030000000000
54.780000 0.030000000000
54.840000 0.030000000000
54.900000 0.030000000000
54.960000 0.030000000000
55.020000 0.030000000000
55.080000 0.030000000000
55.140000 0.030000000000
55.200000 0.030000000000
55.260000 0.030000000000
55.320000 0.030000000000
55.380000 0.030000000000
55.440000 0.030000000000
55.500000 0.030000000000
55.560000 0.030000000000
55.620000 0.030000000000
55.680000 0.030000000000
55.740000 0.030000000000
55.800000 0.030000000000
55.860000 0.030000000000
55.920000 0.030000000000
55.980000 0.030000000000
56.040000 0.030000000000
56.100000 0.030000000000
56.160000 0.030000000000
56.220000 0.030000000000
56.280000 0.030000000000
56.340000 0.030000000000
56.400000 0.030000000000
56.460000 0.030000000000
56.520000 0.030000000000
56.580000 0.030000000000
56.640000 0.030000000000
56.700000 0.030000000000
56.760000 0.030000000000
56.820000 0.030000000000
56.880000 0.030000000000
56.940000 0.030000000000
57.000000 0.030000000000
57.060000 0.030000000000
57.120000 0.030000000000
57.180000 0.030000000000
57.240000 0.030000000000
57.300000 0.030000000000
57.360000 0.030000000000
57.420000 0.030000000000
57.480000 0.030000000000
57.540000 0.030000000000
57.600000 0.030000000000
57.660000 0.030000000000
57.720000 0.030000000000
57.780000 0.030000000000
57.840000 0.030000000000
57.900000 0.030000000000
57.960000 0.030000000000
58.020000 0.030000000000
58.080000 0.030000000000
58.140000 0.030000000000
58.200000 0.030000000000
58.260000 0.030000000000
58.320000 0.030000000000
58.380000 0.030000000000
58.440000 0.030000000000
58.500000 0.030000000000
58.560000 0.030000000000
58.620000 0.030000000000
58.680000 0.030000000000
58.740000 0.030000000000
58.800000 0.030000000000
58.860000 0.030000000000
58.920000 0.030000000000
58.980000 0.030000000000
59.040000 0.030000000000
59.100000 0.030000000000
59.160000 0.030000000000
59.220000 0.030000000000
59.280000 0.030000000000
59.340000 0.030000000000
59.400000 0.030000000000
59.460000 0.030000000000
59.520000 0.030000000000
59.580000 0.030000000000
59.640000 0.030000000000
59.700000 0.030000000000
59.760000 0.030000000000
59.820000 0.030000000000
59.880000 0.030000000000
59.940000 0.030000000000
60.000000 0.030000000000
