0.001 0.2 0.3037
0.002 0.2 0.2719
0.003 0.2 0.2574
0.004 0.2 0.2488
0.005 0.2 0.2431
0.006 0.2 0.2389
0.007 0.2 0.2357
0.008 0.2 0.2331
0.009 0.2 0.231
0.01 0.2 0.2293
0.011 0.2 0.2278
0.012 0.2 0.2266
0.013 0.2 0.2255
0.014 0.2 0.2245
0.015 0.2 0.2236
0.016 0.2 0.2228
0.017 0.2 0.2221
0.018 0.2 0.2215
0.019 0.2 0.2209
0.02 0.2 0.2204
0.021 0.2 0.2199
0.022 0.2 0.2194
0.023 0.2 0.219
0.024 0.2 0.2186
0.025 0.2 0.2183
0.026 0.2 0.2179
0.027 0.2 0.2176
0.028 0.2 0.2173
0.029 0.2 0.217
0.03 0.2 0.2167
0.031 0.2 0.2165
0.032 0.2 0.2162
0.033 0.2 0.216
0.034 0.2 0.2158
0.035 0.2 0.2156
0.036 0.2 0.2154
0.037 0.2 0.2152
0.038 0.2 0.215
0.039 0.2 0.2148
0.04 0.2 0.2147
0.041 0.2 0.2145
0.042 0.2 0.2143
0.043 0.2 0.2142
0.044 0.2 0.214
0.045 0.2 0.2139
0.046 0.2 0.2138
0.047 0.2 0.2136
0.048 0.2 0.2135
0.049 0.2 0.2134
0.05 0.2 0.2133
0.051 0.2 0.2132
0.052 0.2 0.2131
0.053 0.2 0.213
0.054 0.2 0.2128
0.055 0.2 0.2127
0.056 0.2 0.2126
0.057 0.2 0.2126
0.058 0.2 0.2125
0.059 0.2 0.2124
0.06 0.2 0.2123
0.061 0.2 0.2122
0.062 0.2 0.2121
0.063 0.2 0.212
0.064 0.2 0.212
0.065 0.2 0.2119
0.066 0.2 0.2118
0.067 0.2 0.2117
0.068 0.2 0.2117
0.069 0.2 0.2116
0.07 0.2 0.2115
0.071 0.2 0.2115
0.072 0.2 0.2114
0.073 0.2 0.2113
0.074 0.2 0.2113
0.075 0.2 0.2112
0.076 0.2 0.2112
0.077 0.2 0.2111
0.078 0.2 0.211
0.079 0.2 0.211
0.08 0.2 0.2109
0.081 0.2 0.2109
0.082 0.2 0.2108
0.083 0.2 0.2108
0.084 0.2 0.2107
0.085 0.2 0.2107
0.086 0.2 0.2106
0.087 0.2 0.2106
0.088 0.2 0.2105
0.089 0.2 0.2105
0.09 0.2 0.2104
0.091 0.2 0.2104
0.092 0.2 0.2103
0.093 0.2 0.2103
0.094 0.2 0.2103
0.095 0.2 0.2102
0.096 0.2 0.2102
0.097 0.2 0.2101
0.098 0.2 0.2101
0.099 0.2 0.2101
0.1 0.2 0.21
