0.003 0.2 0.1325
0.004 0.2 0.1475
0.005 0.2 0.1557
0.006 0.2 0.161
0.007 0.2 0.1648
0.008 0.2 0.1676
0.009 0.2 0.1699
0.01 0.2 0.1717
0.011 0.2 0.1733
0.012 0.2 0.1746
0.013 0.2 0.1757
0.014 0.2 0.1766
0.015 0.2 0.1775
0.016 0.2 0.1783
0.017 0.2 0.179
0.018 0.2 0.1796
0.019 0.2 0.1801
0.02 0.2 0.1806
0.021 0.2 0.1811
0.022 0.2 0.1816
0.023 0.2 0.182
0.024 0.2 0.1823
0.025 0.2 0.1827
0.026 0.2 0.183
0.027 0.2 0.1833
0.028 0.2 0.1836
0.029 0.2 0.1839
0.03 0.2 0.1841
0.031 0.2 0.1844
0.032 0.2 0.1846
0.033 0.2 0.1848
0.034 0.2 0.185
0.035 0.2 0.1852
0.036 0.2 0.1854
0.037 0.2 0.1856
0.038 0.2 0.1858
0.039 0.2 0.1859
0.04 0.2 0.1861
0.041 0.2 0.1862
0.042 0.2 0.1864
0.043 0.2 0.1865
0.044 0.2 0.1867
0.045 0.2 0.1868
0.046 0.2 0.1869
0.047 0.2 0.187
0.048 0.2 0.1871
0.049 0.2 0.1873
0.05 0.2 0.1874
0.051 0.2 0.1875
0.052 0.2 0.1876
0.053 0.2 0.1877
0.054 0.2 0.1878
0.055 0.2 0.1879
0.056 0.2 0.188
0.057 0.2 0.188
0.058 0.2 0.1881
0.059 0.2 0.1882
0.06 0.2 0.1883
0.061 0.2 0.1884
0.062 0.2 0.1884
0.063 0.2 0.1885
0.064 0.2 0.1886
0.065 0.2 0.1887
0.066 0.2 0.1887
0.067 0.2 0.1888
0.068 0.2 0.1889
0.069 0.2 0.1889
0.07 0.2 0.189
0.071 0.2 0.1891
0.072 0.2 0.1891
0.073 0.2 0.1892
0.074 0.2 0.1892
0.075 0.2 0.1893
0.076 0.2 0.1893
0.077 0.2 0.1894
0.078 0.2 0.1895
0.079 0.2 0.1895
0.08 0.2 0.1896
0.081 0.2 0.1896
0.082 0.2 0.1897
0.083 0.2 0.1897
0.084 0.2 0.1898
0.085 0.2 0.1898
0.086 0.2 0.1898
0.087 0.2 0.1899
0.088 0.2 0.1899
0.089 0.2 0.19
0.09 0.2 0.19
0.091 0.2 0.1901
0.092 0.2 0.1901
0.093 0.2 0.1901
0.094 0.2 0.1902
0.095 0.2 0.1902
0.096 0.2 0.1903
0.097 0.2 0.1903
0.098 0.2 0.1903
0.099 0.2 0.1904
0.1 0.2 0.1904
