0.005 0.3928 0.4829
0.006 0.3664 0.4413
0.007 0.3427 0.4064
0.008 0.3213 0.3763
0.009 0.3018 0.3498
0.01 0.2837 0.3261
0.011 0.267 0.3047
0.012 0.2514 0.2852
0.013 0.2368 0.2672
0.014 0.2233 0.2508
0.015 0.2107 0.2357
0.016 0.1992 0.2219
0.017 0.1887 0.2096
0.018 0.1795 0.1988
0.019 0.1718 0.1896
0.02 0.1656 0.1824
0.021 0.1613 0.1773
0.022 0.1588 0.1742
0.023 0.1581 0.173
0.024 0.1587 0.1734
0.025 0.1605 0.1751
0.026 0.1631 0.1777
0.027 0.1663 0.1809
0.028 0.1699 0.1845
0.029 0.1737 0.1884
0.03 0.1776 0.1924
0.031 0.1816 0.1965
0.032 0.1856 0.2006
0.033 0.1896 0.2047
0.034 0.1936 0.2088
0.035 0.1974 0.2128
0.036 0.2013 0.2168
0.037 0.205 0.2206
0.038 0.2087 0.2244
0.039 0.2123 0.2281
0.04 0.2158 0.2317
0.041 0.2193 0.2352
0.042 0.2227 0.2387
0.043 0.226 0.2421
0.044 0.2292 0.2454
0.045 0.2323 0.2486
0.046 0.2354 0.2517
0.047 0.2384 0.2548
0.048 0.2414 0.2578
0.049 0.2443 0.2608
0.05 0.2471 0.2637
0.051 0.2499 0.2665
0.052 0.2526 0.2692
0.053 0.2552 0.2719
0.054 0.2578 0.2746
0.055 0.2604 0.2772
0.056 0.2629 0.2797
0.057 0.2653 0.2822
0.058 0.2677 0.2846
0.059 0.2701 0.287
0.06 0.2724 0.2894
0.061 0.2747 0.2917
0.062 0.2769 0.294
0.063 0.2791 0.2962
0.064 0.2812 0.2984
0.065 0.2834 0.3005
0.066 0.2854 0.3026
0.067 0.2875 0.3047
0.068 0.2895 0.3067
0.069 0.2915 0.3087
0.07 0.2934 0.3107
0.071 0.2954 0.3126
0.072 0.2972 0.3146
0.073 0.2991 0.3164
0.074 0.3009 0.3183
0.075 0.3027 0.3201
0.076 0.3045 0.3219
0.077 0.3063 0.3237
0.078 0.308 0.3254
0.079 0.3097 0.3271
0.08 0.3114 0.3288
0.081 0.313 0.3305
0.082 0.3147 0.3321
0.083 0.3163 0.3337
0.084 0.3178 0.3353
0.085 0.3194 0.3369
0.086 0.321 0.3385
0.087 0.3225 0.34
0.088 0.324 0.3415
0.089 0.3255 0.343
0.09 0.3269 0.3445
0.091 0.3284 0.346
0.092 0.3298 0.3474
0.093 0.3312 0.3488
0.094 0.3326 0.3502
0.095 0.334 0.3516
0.096 0.3354 0.353
0.097 0.3367 0.3543
0.098 0.3381 0.3557
0.099 0.3394 0.357
0.1 0.3407 0.3583
