0.007 0.4431 0.3613
0.008 0.4077 0.3391
0.009 0.3773 0.3186
0.01 0.3505 0.2996
0.011 0.3266 0.2819
0.012 0.3049 0.2654
0.013 0.285 0.2499
0.014 0.2668 0.2353
0.015 0.2499 0.2216
0.016 0.2343 0.2087
0.017 0.2199 0.1967
0.018 0.2067 0.1856
0.019 0.1948 0.1755
0.02 0.1844 0.1666
0.021 0.1756 0.1591
0.022 0.1687 0.1532
0.023 0.1641 0.1493
0.024 0.1615 0.1473
0.025 0.161 0.1471
0.026 0.1621 0.1484
0.027 0.1644 0.1508
0.028 0.1676 0.1539
0.029 0.1713 0.1575
0.03 0.1753 0.1615
0.031 0.1796 0.1656
0.032 0.1839 0.1698
0.033 0.1883 0.174
0.034 0.1926 0.1782
0.035 0.1969 0.1824
0.036 0.2011 0.1865
0.037 0.2053 0.1905
0.038 0.2094 0.1944
0.039 0.2134 0.1983
0.04 0.2172 0.2021
0.041 0.221 0.2058
0.042 0.2247 0.2094
0.043 0.2284 0.2129
0.044 0.2319 0.2163
0.045 0.2353 0.2197
0.046 0.2387 0.223
0.047 0.242 0.2262
0.048 0.2452 0.2293
0.049 0.2483 0.2324
0.05 0.2514 0.2353
0.051 0.2543 0.2383
0.052 0.2573 0.2411
0.053 0.2601 0.2439
0.054 0.2629 0.2467
0.055 0.2657 0.2493
0.056 0.2683 0.252
0.057 0.271 0.2546
0.058 0.2735 0.2571
0.059 0.276 0.2595
0.06 0.2785 0.262
0.061 0.2809 0.2644
0.062 0.2833 0.2667
0.063 0.2856 0.269
0.064 0.2879 0.2712
0.065 0.2902 0.2734
0.066 0.2924 0.2756
0.067 0.2945 0.2778
0.068 0.2967 0.2799
0.069 0.2988 0.2819
0.07 0.3008 0.2839
0.071 0.3028 0.2859
0.072 0.3048 0.2879
0.073 0.3068 0.2898
0.074 0.3087 0.2917
0.075 0.3106 0.2936
0.076 0.3125 0.2955
0.077 0.3143 0.2973
0.078 0.3161 0.2991
0.079 0.3179 0.3008
0.08 0.3196 0.3026
0.081 0.3214 0.3043
0.082 0.3231 0.306
0.083 0.3247 0.3076
0.084 0.3264 0.3093
0.085 0.328 0.3109
0.086 0.3296 0.3125
0.087 0.3312 0.314
0.088 0.3328 0.3156
0.089 0.3343 0.3171
0.09 0.3359 0.3186
0.091 0.3374 0.3201
0.092 0.3389 0.3216
0.093 0.3403 0.3231
0.094 0.3418 0.3245
0.095 0.3432 0.3259
0.096 0.3446 0.3273
0.097 0.346 0.3287
0.098 0.3474 0.3301
0.099 0.3488 0.3314
0.1 0.3501 0.3328
