0 -2.93392e-13
1 -0.000915807
2 -0.00182979
3 -0.00274194
4 -0.00365228
5 -0.0045608
6 -0.00546751
7 -0.0063724
8 -0.00727549
9 -0.00817678
10 -0.00907627
11 -0.00997397
12 -0.0108699
13 -0.011764
14 -0.0126563
15 -0.0135469
16 -0.0144356
17 -0.0153226
18 -0.0162079
19 -0.0170913
20 -0.017973
21 -0.018853
22 -0.0197311
23 -0.0206076
24 -0.0214822
25 -0.0223552
26 -0.0232264
27 -0.0240958
28 -0.0249635
29 -0.0258295
30 -0.0266937
31 -0.0275563
32 -0.0284171
33 -0.0292761
34 -0.0301335
35 -0.0309892
36 -0.0318431
37 -0.0326954
38 -0.0335459
39 -0.0343947
40 -0.0352419
41 -0.0360873
42 -0.0369311
43 -0.0377732
44 -0.0386136
45 -0.0394523
46 -0.0402893
47 -0.0411247
48 -0.0419584
49 -0.0427904
50 -0.0436208
51 -0.0444495
52 -0.0452766
53 -0.046102
54 -0.0469257
55 -0.0477478
56 -0.0485683
57 -0.0493871
58 -0.0502043
59 -0.0510199
60 -0.0518338
61 -0.0526461
62 -0.0534568
63 -0.0542658
64 -0.0550733
65 -0.0558791
66 -0.0566833
67 -0.0574859
68 -0.0582869
69 -0.0590863
70 -0.0598841
71 -0.0606803
72 -0.0614749
73 -0.062268
74 -0.0630594
75 -0.0638493
76 -0.0646375
77 -0.0654243
78 -0.0662094
79 -0.0669929
80 -0.0677749
81 -0.0685554
82 -0.0693342
83 -0.0701116
84 -0.0708873
85 -0.0716615
86 -0.0724342
87 -0.0732053
88 -0.0739749
89 -0.0747429
90 -0.0755094
91 -0.0762743
92 -0.0770378
93 -0.0777997
94 -0.07856
95 -0.0793189
96 -0.0800762
97 -0.0808321
98 -0.0815864
99 -0.0823392
100 -0.0830905
101 -0.0838403
102 -0.0845886
103 -0.0853354
104 -0.0860807
105 -0.0868245
106 -0.0875668
107 -0.0883076
108 -0.089047
109 -0.0897848
110 -0.0905212
111 -0.0912562
112 -0.0919896
113 -0.0927216
114 -0.0934521
115 -0.0941811
116 -0.0949087
117 -0.0956349
118 -0.0963596
119 -0.0970828
120 -0.0978046
121 -0.0985249
122 -0.0992438
123 -0.0999613
124 -0.100677
125 -0.101392
126 -0.102105
127 -0.102817
128 -0.103527
129 -0.104236
130 -0.104943
131 -0.105649
132 -0.106354
133 -0.107057
134 -0.107759
135 -0.108459
136 -0.109158
137 -0.109856
138 -0.110552
139 -0.111247
140 -0.111941
141 -0.112633
142 -0.113323
143 -0.114012
144 -0.1147
145 -0.115387
146 -0.116072
147 -0.116756
148 -0.117438
149 -0.118119
150 -0.118799
151 -0.119477
152 -0.120154
153 -0.120829
154 -0.121504
155 -0.122176
156 -0.122848
157 -0.123518
158 -0.124187
159 -0.124854
160 -0.125521
161 -0.126185
162 -0.126849
163 -0.127511
164 -0.128172
165 -0.128831
166 -0.129489
167 -0.130146
168 -0.130802
169 -0.131456
170 -0.132109
171 -0.132761
172 -0.133411
173 -0.13406
174 -0.134707
175 -0.135354
176 -0.135999
177 -0.136643
178 -0.137285
179 -0.137926
180 -0.138566
181 -0.139205
182 -0.139842
183 -0.140478
184 -0.141113
185 -0.141747
186 -0.142379
187 -0.14301
188 -0.14364
189 -0.144268
190 -0.144895
191 -0.145521
192 -0.146146
193 -0.146769
194 -0.147392
195 -0.148012
196 -0.148632
197 -0.149251
198 -0.149868
199 -0.150484
200 -0.151098
201 -0.151712
202 -0.152324
203 -0.152935
204 -0.153545
205 -0.154153
206 -0.154761
207 -0.155367
208 -0.155972
209 -0.156576
210 -0.157178
211 -0.157779
212 -0.158379
213 -0.158978
214 -0.159576
215 -0.160172
216 -0.160768
217 -0.161362
218 -0.161954
219 -0.162546
220 -0.163137
221 -0.163726
222 -0.164314
223 -0.164901
224 -0.165487
225 -0.166071
226 -0.166655
227 -0.167237
228 -0.167818
229 -0.168398
230 -0.168977
231 -0.169554
232 -0.17013
233 -0.170706
234 -0.17128
235 -0.171853
236 -0.172424
237 -0.172995
238 -0.173565
239 -0.174133
240 -0.1747
241 -0.175266
242 -0.175831
243 -0.176395
244 -0.176957
245 -0.177519
246 -0.178079
247 -0.178639
248 -0.179197
249 -0.179754
250 -0.18031
251 -0.180864
252 -0.181418
253 -0.18197
254 -0.182522
255 -0.183072
256 -0.183621
257 -0.184169
258 -0.184716
259 -0.185262
260 -0.185807
261 -0.186351
262 -0.186893
263 -0.187435
264 -0.187975
265 -0.188515
266 -0.189053
267 -0.18959
268 -0.190126
269 -0.190661
270 -0.191195
271 -0.191728
272 -0.19226
273 -0.19279
274 -0.19332
275 -0.193849
276 -0.194376
277 -0.194903
278 -0.195428
279 -0.195952
280 -0.196475
281 -0.196998
282 -0.197519
283 -0.198039
284 -0.198558
285 -0.199076
286 -0.199593
287 -0.200109
288 -0.200624
289 -0.201138
290 -0.20165
291 -0.202162
292 -0.202673
293 -0.203183
294 -0.203691
295 -0.204199
296 -0.204706
297 -0.205211
298 -0.205716
299 -0.206219
300 -0.206722
301 -0.207224
302 -0.207724
303 -0.208224
304 -0.208722
305 -0.20922
306 -0.209716
307 -0.210212
308 -0.210706
309 -0.2112
310 -0.211692
311 -0.212184
312 -0.212674
313 -0.213164
314 -0.213652
315 -0.21414
316 -0.214627
317 -0.215112
318 -0.215597
319 -0.21608
320 -0.216563
321 -0.217045
322 -0.217525
323 -0.218005
324 -0.218484
325 -0.218962
326 -0.219439
327 -0.219915
328 -0.220389
329 -0.220863
330 -0.221336
331 -0.221808
332 -0.22228
333 -0.22275
334 -0.223219
335 -0.223687
336 -0.224154
337 -0.224621
338 -0.225086
339 -0.225551
340 -0.226014
341 -0.226477
342 -0.226939
343 -0.227399
344 -0.227859
345 -0.228318
346 -0.228776
347 -0.229233
348 -0.229689
349 -0.230144
350 -0.230598
351 -0.231052
352 -0.231504
353 -0.231956
354 -0.232406
355 -0.232856
356 -0.233305
357 -0.233753
358 -0.2342
359 -0.234646
360 -0.235091
361 -0.235535
362 -0.235978
363 -0.236421
364 -0.236862
365 -0.237303
366 -0.237743
367 -0.238182
368 -0.23862
369 -0.239057
370 -0.239493
371 -0.239928
372 -0.240363
373 -0.240796
374 -0.241229
375 -0.241661
376 -0.242092
377 -0.242522
378 -0.242951
379 -0.24338
380 -0.243807
381 -0.244234
382 -0.244659
383 -0.245084
384 -0.245508
385 -0.245931
386 -0.246354
387 -0.246775
388 -0.247196
389 -0.247616
390 -0.248034
391 -0.248452
392 -0.24887
393 -0.249286
394 -0.249702
395 -0.250116
396 -0.25053
397 -0.250943
398 -0.251355
399 -0.251766
400 -0.252177
401 -0.252587
402 -0.252995
403 -0.253403
404 -0.253811
405 -0.254217
406 -0.254622
407 -0.255027
408 -0.255431
409 -0.255834
410 -0.256236
411 -0.256638
412 -0.257038
413 -0.257438
414 -0.257837
415 -0.258235
416 -0.258633
417 -0.259029
418 -0.259425
419 -0.25982
420 -0.260214
421 -0.260607
422 -0.261
423 -0.261392
424 -0.261782
425 -0.262173
426 -0.262562
427 -0.262951
428 -0.263338
429 -0.263725
430 -0.264112
431 -0.264497
432 -0.264882
433 -0.265266
434 -0.265649
435 -0.266031
436 -0.266412
437 -0.266793
438 -0.267173
439 -0.267552
440 -0.267931
441 -0.268308
442 -0.268685
443 -0.269062
444 -0.269437
445 -0.269811
446 -0.270185
447 -0.270558
448 -0.270931
449 -0.271302
450 -0.271673
451 -0.272043
452 -0.272413
453 -0.272781
454 -0.273149
455 -0.273516
456 -0.273882
457 -0.274248
458 -0.274613
459 -0.274977
460 -0.27534
461 -0.275703
462 -0.276065
463 -0.276426
464 -0.276786
465 -0.277146
466 -0.277505
467 -0.277863
468 -0.27822
469 -0.278577
470 -0.278933
471 -0.279288
472 -0.279643
473 -0.279997
474 -0.28035
475 -0.280702
476 -0.281054
477 -0.281405
478 -0.281755
479 -0.282105
480 -0.282453
481 -0.282802
482 -0.283149
483 -0.283496
484 -0.283842
485 -0.284187
486 -0.284532
487 -0.284875
488 -0.285219
489 -0.285561
490 -0.285903
491 -0.286244
492 -0.286584
493 -0.286924
494 -0.287263
495 -0.287601
496 -0.287939
497 -0.288276
498 -0.288612
499 -0.288948
500 -0.289283
501 -0.289617
502 -0.28995
503 -0.290283
504 -0.290615
505 -0.290947
506 -0.291278
507 -0.291608
508 -0.291937
509 -0.292266
510 -0.292594
511 -0.292921
512 -0.293248
513 -0.293574
514 -0.2939
515 -0.294224
516 -0.294549
517 -0.294872
518 -0.295195
519 -0.295517
520 -0.295838
521 -0.296159
522 -0.296479
523 -0.296799
524 -0.297118
525 -0.297436
526 -0.297753
527 -0.29807
528 -0.298386
529 -0.298702
530 -0.299017
531 -0.299331
532 -0.299645
533 -0.299958
534 -0.30027
535 -0.300582
536 -0.300893
537 -0.301204
538 -0.301514
539 -0.301823
540 -0.302131
541 -0.302439
542 -0.302747
543 -0.303053
544 -0.303359
545 -0.303665
546 -0.303969
547 -0.304274
548 -0.304577
549 -0.30488
550 -0.305182
551 -0.305484
552 -0.305785
553 -0.306086
554 -0.306385
555 -0.306685
556 -0.306983
557 -0.307281
558 -0.307579
559 -0.307875
560 -0.308172
561 -0.308467
562 -0.308762
563 -0.309057
564 -0.30935
565 -0.309643
566 -0.309936
567 -0.310228
568 -0.310519
569 -0.31081
570 -0.3111
571 -0.31139
572 -0.311679
573 -0.311967
574 -0.312255
575 -0.312542
576 -0.312829
577 -0.313115
578 -0.3134
579 -0.313685
580 -0.313969
581 -0.314253
582 -0.314536
583 -0.314818
584 -0.3151
585 -0.315382
586 -0.315662
587 -0.315943
588 -0.316222
589 -0.316501
590 -0.31678
591 -0.317058
592 -0.317335
593 -0.317612
594 -0.317888
595 -0.318164
596 -0.318439
597 -0.318713
598 -0.318987
599 -0.31926
600 -0.319533
601 -0.319805
602 -0.320077
603 -0.320348
604 -0.320619
605 -0.320889
606 -0.321158
607 -0.321427
608 -0.321696
609 -0.321963
610 -0.322231
611 -0.322497
612 -0.322763
613 -0.323029
614 -0.323294
615 -0.323559
616 -0.323822
617 -0.324086
618 -0.324349
619 -0.324611
620 -0.324873
621 -0.325134
622 -0.325395
623 -0.325655
624 -0.325915
625 -0.326174
626 -0.326432
627 -0.32669
628 -0.326948
629 -0.327205
630 -0.327461
631 -0.327717
632 -0.327973
633 -0.328227
634 -0.328482
635 -0.328736
636 -0.328989
637 -0.329242
638 -0.329494
639 -0.329746
640 -0.329997
641 -0.330247
642 -0.330498
643 -0.330747
644 -0.330996
645 -0.331245
646 -0.331493
647 -0.331741
648 -0.331988
649 -0.332234
650 -0.33248
651 -0.332726
652 -0.332971
653 -0.333216
654 -0.33346
655 -0.333703
656 -0.333946
657 -0.334189
658 -0.334431
659 -0.334672
660 -0.334913
661 -0.335154
662 -0.335394
663 -0.335633
664 -0.335872
665 -0.336111
666 -0.336349
667 -0.336587
668 -0.336824
669 -0.33706
670 -0.337296
671 -0.337532
672 -0.337767
673 -0.338002
674 -0.338236
675 -0.33847
676 -0.338703
677 -0.338935
678 -0.339168
679 -0.339399
680 -0.339631
681 -0.339861
682 -0.340092
683 -0.340321
684 -0.340551
685 -0.34078
686 -0.341008
687 -0.341236
688 -0.341463
689 -0.34169
690 -0.341917
691 -0.342143
692 -0.342368
693 -0.342594
694 -0.342818
695 -0.343042
696 -0.343266
697 -0.343489
698 -0.343712
699 -0.343934
700 -0.344156
701 -0.344378
702 -0.344598
703 -0.344819
704 -0.345039
705 -0.345258
706 -0.345478
707 -0.345696
708 -0.345914
709 -0.346132
710 -0.346349
711 -0.346566
712 -0.346783
713 -0.346999
714 -0.347214
715 -0.347429
716 -0.347644
717 -0.347858
718 -0.348071
719 -0.348285
720 -0.348498
721 -0.34871
722 -0.348922
723 -0.349133
724 -0.349344
725 -0.349555
726 -0.349765
727 -0.349975
728 -0.350184
729 -0.350393
730 -0.350601
731 -0.350809
732 -0.351017
733 -0.351224
734 -0.351431
735 -0.351637
736 -0.351843
737 -0.352048
738 -0.352253
739 -0.352458
740 -0.352662
741 -0.352865
742 -0.353069
743 -0.353272
744 -0.353474
745 -0.353676
746 -0.353878
747 -0.354079
748 -0.354279
749 -0.35448
750 -0.35468
751 -0.354879
752 -0.355078
753 -0.355277
754 -0.355475
755 -0.355673
756 -0.35587
757 -0.356067
758 -0.356264
759 -0.35646
760 -0.356656
761 -0.356851
762 -0.357046
763 -0.357241
764 -0.357435
765 -0.357629
766 -0.357822
767 -0.358015
768 -0.358207
769 -0.358399
770 -0.358591
771 -0.358782
772 -0.358973
773 -0.359164
774 -0.359354
775 -0.359544
776 -0.359733
777 -0.359922
778 -0.36011
779 -0.360299
780 -0.360486
781 -0.360674
782 -0.360861
783 -0.361047
784 -0.361233
785 -0.361419
786 -0.361604
787 -0.361789
788 -0.361974
789 -0.362158
790 -0.362342
791 -0.362526
792 -0.362709
793 -0.362891
794 -0.363074
795 -0.363256
796 -0.363437
797 -0.363618
798 -0.363799
799 -0.363979
800 -0.364159
801 -0.364339
802 -0.364518
803 -0.364697
804 -0.364876
805 -0.365054
806 -0.365232
807 -0.365409
808 -0.365586
809 -0.365763
810 -0.365939
811 -0.366115
812 -0.36629
813 -0.366466
814 -0.36664
815 -0.366815
816 -0.366989
817 -0.367163
818 -0.367336
819 -0.367509
820 -0.367681
821 -0.367854
822 -0.368026
823 -0.368197
824 -0.368368
825 -0.368539
826 -0.368709
827 -0.36888
828 -0.369049
829 -0.369219
830 -0.369388
831 -0.369556
832 -0.369725
833 -0.369892
834 -0.37006
835 -0.370227
836 -0.370394
837 -0.370561
838 -0.370727
839 -0.370893
840 -0.371058
841 -0.371223
842 -0.371388
843 -0.371552
844 -0.371717
845 -0.37188
846 -0.372044
847 -0.372207
848 -0.372369
849 -0.372532
850 -0.372694
851 -0.372855
852 -0.373017
853 -0.373178
854 -0.373338
855 -0.373499
856 -0.373659
857 -0.373818
858 -0.373978
859 -0.374136
860 -0.374295
861 -0.374453
862 -0.374611
863 -0.374769
864 -0.374926
865 -0.375083
866 -0.37524
867 -0.375396
868 -0.375552
869 -0.375708
870 -0.375863
871 -0.376018
872 -0.376172
873 -0.376327
874 -0.376481
875 -0.376634
876 -0.376788
877 -0.376941
878 -0.377093
879 -0.377246
880 -0.377398
881 -0.377549
882 -0.377701
883 -0.377852
884 -0.378003
885 -0.378153
886 -0.378303
887 -0.378453
888 -0.378602
889 -0.378752
890 -0.3789
891 -0.379049
892 -0.379197
893 -0.379345
894 -0.379493
895 -0.37964
896 -0.379787
897 -0.379933
898 -0.38008
899 -0.380226
900 -0.380371
901 -0.380517
902 -0.380662
903 -0.380807
904 -0.380951
905 -0.381095
906 -0.381239
907 -0.381383
908 -0.381526
909 -0.381669
910 -0.381811
911 -0.381954
912 -0.382096
913 -0.382237
914 -0.382379
915 -0.38252
916 -0.382661
917 -0.382801
918 -0.382941
919 -0.383081
920 -0.383221
921 -0.38336
922 -0.383499
923 -0.383638
924 -0.383776
925 -0.383915
926 -0.384052
927 -0.38419
928 -0.384327
929 -0.384464
930 -0.384601
931 -0.384737
932 -0.384873
933 -0.385009
934 -0.385144
935 -0.38528
936 -0.385415
937 -0.385549
938 -0.385684
939 -0.385818
940 -0.385951
941 -0.386085
942 -0.386218
943 -0.386351
944 -0.386484
945 -0.386616
946 -0.386748
947 -0.38688
948 -0.387011
949 -0.387142
950 -0.387273
951 -0.387404
952 -0.387534
953 -0.387664
954 -0.387794
955 -0.387924
956 -0.388053
957 -0.388182
958 -0.388311
959 -0.388439
960 -0.388567
961 -0.388695
962 -0.388823
963 -0.38895
964 -0.389077
965 -0.389204
966 -0.38933
967 -0.389456
968 -0.389582
969 -0.389708
970 -0.389833
971 -0.389958
972 -0.390083
973 -0.390208
974 -0.390332
975 -0.390456
976 -0.39058
977 -0.390704
978 -0.390827
979 -0.39095
980 -0.391073
981 -0.391195
982 -0.391317
983 -0.391439
984 -0.391561
985 -0.391682
986 -0.391803
987 -0.391924
988 -0.392045
989 -0.392165
990 -0.392285
991 -0.392405
992 -0.392525
993 -0.392644
994 -0.392763
995 -0.392882
996 -0.393001
997 -0.393119
998 -0.393237
999 -0.393355
