0 1.46628e-13
1 1.09641
2 2.1909
3 3.28345
4 4.37409
5 5.4628
6 6.5496
7 7.63449
8 8.71747
9 9.79854
10 10.8777
11 11.955
12 13.0304
13 14.1039
14 15.1755
15 16.2452
16 17.313
17 18.379
18 19.4431
19 20.5053
20 21.5657
21 22.6242
22 23.6808
23 24.7356
24 25.7885
25 26.8396
26 27.8888
27 28.9362
28 29.9817
29 31.0255
30 32.0673
31 33.1074
32 34.1456
33 35.182
34 36.2166
35 37.2494
36 38.2804
37 39.3096
38 40.3369
39 41.3625
40 42.3862
41 43.4082
42 44.4284
43 45.4468
44 46.4634
45 47.4782
46 48.4912
47 49.5025
48 50.512
49 51.5197
50 52.5257
51 53.5299
52 54.5324
53 55.533
54 56.532
55 57.5292
56 58.5246
57 59.5184
58 60.5103
59 61.5006
60 62.4891
61 63.4758
62 64.4609
63 65.4442
64 66.4258
65 67.4057
66 68.3839
67 69.3604
68 70.3352
69 71.3082
70 72.2796
71 73.2493
72 74.2173
73 75.1836
74 76.1482
75 77.1111
76 78.0723
77 79.0319
78 79.9898
79 80.946
80 81.9005
81 82.8534
82 83.8046
83 84.7542
84 85.7021
85 86.6483
86 87.5929
87 88.5359
88 89.4772
89 90.4169
90 91.3549
91 92.2913
92 93.2261
93 94.1592
94 95.0908
95 96.0207
96 96.9489
97 97.8756
98 98.8006
99 99.7241
100 100.646
101 101.566
102 102.485
103 103.402
104 104.317
105 105.231
106 106.143
107 107.054
108 107.963
109 108.871
110 109.777
111 110.681
112 111.584
113 112.485
114 113.384
115 114.283
116 115.179
117 116.074
118 116.967
119 117.859
120 118.75
121 119.638
122 120.526
123 121.411
124 122.295
125 123.178
126 124.059
127 124.939
128 125.817
129 126.693
130 127.568
131 128.442
132 129.314
133 130.184
134 131.053
135 131.92
136 132.786
137 133.651
138 134.514
139 135.375
140 136.235
141 137.094
142 137.951
143 138.806
144 139.66
145 140.513
146 141.364
147 142.213
148 143.061
149 143.908
150 144.753
151 145.597
152 146.439
153 147.28
154 148.119
155 148.957
156 149.794
157 150.629
158 151.462
159 152.294
160 153.125
161 153.954
162 154.782
163 155.609
164 156.434
165 157.257
166 158.079
167 158.9
168 159.719
169 160.537
170 161.354
171 162.169
172 162.982
173 163.794
174 164.605
175 165.415
176 166.223
177 167.029
178 167.835
179 168.639
180 169.441
181 170.242
182 171.042
183 171.84
184 172.637
185 173.433
186 174.227
187 175.02
188 175.812
189 176.602
190 177.39
191 178.178
192 178.964
193 179.749
194 180.532
195 181.314
196 182.095
197 182.874
198 183.652
199 184.429
200 185.204
201 185.978
202 186.751
203 187.522
204 188.292
205 189.061
206 189.828
207 190.594
208 191.359
209 192.123
210 192.885
211 193.646
212 194.405
213 195.163
214 195.92
215 196.676
216 197.43
217 198.183
218 198.935
219 199.685
220 200.434
221 201.182
222 201.929
223 202.674
224 203.418
225 204.161
226 204.903
227 205.643
228 206.382
229 207.119
230 207.856
231 208.591
232 209.325
233 210.058
234 210.789
235 211.519
236 212.248
237 212.976
238 213.702
239 214.427
240 215.151
241 215.874
242 216.595
243 217.316
244 218.035
245 218.752
246 219.469
247 220.184
248 220.898
249 221.611
250 222.323
251 223.033
252 223.743
253 224.451
254 225.158
255 225.863
256 226.568
257 227.271
258 227.973
259 228.674
260 229.373
261 230.072
262 230.769
263 231.465
264 232.16
265 232.854
266 233.546
267 234.237
268 234.928
269 235.617
270 236.304
271 236.991
272 237.676
273 238.361
274 239.044
275 239.726
276 240.407
277 241.086
278 241.765
279 242.442
280 243.118
281 243.793
282 244.467
283 245.14
284 245.812
285 246.482
286 247.152
287 247.82
288 248.487
289 249.153
290 249.818
291 250.481
292 251.144
293 251.805
294 252.466
295 253.125
296 253.783
297 254.44
298 255.096
299 255.75
300 256.404
301 257.057
302 257.708
303 258.358
304 259.007
305 259.656
306 260.303
307 260.949
308 261.593
309 262.237
310 262.88
311 263.521
312 264.162
313 264.801
314 265.439
315 266.077
316 266.713
317 267.348
318 267.982
319 268.615
320 269.247
321 269.878
322 270.507
323 271.136
324 271.764
325 272.39
326 273.016
327 273.64
328 274.263
329 274.886
330 275.507
331 276.127
332 276.746
333 277.365
334 277.982
335 278.598
336 279.213
337 279.827
338 280.44
339 281.052
340 281.662
341 282.272
342 282.881
343 283.489
344 284.096
345 284.702
346 285.306
347 285.91
348 286.513
349 287.114
350 287.715
351 288.315
352 288.913
353 289.511
354 290.108
355 290.703
356 291.298
357 291.892
358 292.484
359 293.076
360 293.667
361 294.256
362 294.845
363 295.433
364 296.02
365 296.605
366 297.19
367 297.774
368 298.357
369 298.938
370 299.519
371 300.099
372 300.678
373 301.256
374 301.833
375 302.409
376 302.984
377 303.558
378 304.131
379 304.703
380 305.274
381 305.845
382 306.414
383 306.982
384 307.55
385 308.116
386 308.681
387 309.246
388 309.81
389 310.372
390 310.934
391 311.495
392 312.054
393 312.613
394 313.171
395 313.728
396 314.284
397 314.84
398 315.394
399 315.947
400 316.5
401 317.051
402 317.602
403 318.151
404 318.7
405 319.248
406 319.795
407 320.341
408 320.886
409 321.43
410 321.973
411 322.515
412 323.057
413 323.597
414 324.137
415 324.676
416 325.214
417 325.751
418 326.287
419 326.822
420 327.356
421 327.89
422 328.422
423 328.954
424 329.484
425 330.014
426 330.543
427 331.071
428 331.599
429 332.125
430 332.65
431 333.175
432 333.699
433 334.222
434 334.744
435 335.265
436 335.785
437 336.304
438 336.823
439 337.34
440 337.857
441 338.373
442 338.888
443 339.403
444 339.916
445 340.429
446 340.94
447 341.451
448 341.961
449 342.47
450 342.979
451 343.486
452 343.993
453 344.499
454 345.004
455 345.508
456 346.011
457 346.513
458 347.015
459 347.516
460 348.016
461 348.515
462 349.013
463 349.511
464 350.008
465 350.503
466 350.998
467 351.493
468 351.986
469 352.479
470 352.97
471 353.461
472 353.952
473 354.441
474 354.93
475 355.417
476 355.904
477 356.39
478 356.876
479 357.36
480 357.844
481 358.327
482 358.809
483 359.29
484 359.771
485 360.251
486 360.73
487 361.208
488 361.685
489 362.162
490 362.638
491 363.113
492 363.587
493 364.061
494 364.533
495 365.005
496 365.477
497 365.947
498 366.417
499 366.886
500 367.354
501 367.821
502 368.287
503 368.753
504 369.218
505 369.683
506 370.146
507 370.609
508 371.071
509 371.532
510 371.992
511 372.452
512 372.911
513 373.369
514 373.827
515 374.284
516 374.74
517 375.195
518 375.649
519 376.103
520 376.556
521 377.008
522 377.46
523 377.911
524 378.361
525 378.81
526 379.258
527 379.706
528 380.153
529 380.6
530 381.045
531 381.49
532 381.935
533 382.378
534 382.821
535 383.263
536 383.704
537 384.145
538 384.585
539 385.024
540 385.462
541 385.9
542 386.337
543 386.773
544 387.209
545 387.644
546 388.078
547 388.511
548 388.944
549 389.376
550 389.807
551 390.238
552 390.668
553 391.097
554 391.526
555 391.954
556 392.381
557 392.807
558 393.233
559 393.658
560 394.083
561 394.506
562 394.929
563 395.352
564 395.773
565 396.194
566 396.615
567 397.034
568 397.453
569 397.871
570 398.289
571 398.706
572 399.122
573 399.538
574 399.952
575 400.367
576 400.78
577 401.193
578 401.605
579 402.017
580 402.428
581 402.838
582 403.247
583 403.656
584 404.064
585 404.472
586 404.879
587 405.285
588 405.691
589 406.095
590 406.5
591 406.903
592 407.306
593 407.709
594 408.11
595 408.511
596 408.912
597 409.311
598 409.71
599 410.109
600 410.507
601 410.904
602 411.3
603 411.696
604 412.091
605 412.486
606 412.88
607 413.273
608 413.666
609 414.058
610 414.45
611 414.84
612 415.231
613 415.62
614 416.009
615 416.397
616 416.785
617 417.172
618 417.558
619 417.944
620 418.329
621 418.714
622 419.098
623 419.481
624 419.864
625 420.246
626 420.628
627 421.009
628 421.389
629 421.769
630 422.148
631 422.526
632 422.904
633 423.281
634 423.658
635 424.034
636 424.409
637 424.784
638 425.158
639 425.532
640 425.905
641 426.277
642 426.649
643 427.021
644 427.391
645 427.761
646 428.131
647 428.5
648 428.868
649 429.236
650 429.603
651 429.969
652 430.335
653 430.701
654 431.065
655 431.43
656 431.793
657 432.156
658 432.519
659 432.881
660 433.242
661 433.603
662 433.963
663 434.322
664 434.681
665 435.04
666 435.398
667 435.755
668 436.112
669 436.468
670 436.824
671 437.179
672 437.533
673 437.887
674 438.24
675 438.593
676 438.945
677 439.297
678 439.648
679 439.999
680 440.349
681 440.698
682 441.047
683 441.395
684 441.743
685 442.09
686 442.437
687 442.783
688 443.129
689 443.474
690 443.818
691 444.162
692 444.506
693 444.849
694 445.191
695 445.533
696 445.874
697 446.215
698 446.555
699 446.894
700 447.234
701 447.572
702 447.91
703 448.248
704 448.585
705 448.921
706 449.257
707 449.592
708 449.927
709 450.261
710 450.595
711 450.928
712 451.261
713 451.593
714 451.925
715 452.256
716 452.587
717 452.917
718 453.246
719 453.576
720 453.904
721 454.232
722 454.56
723 454.887
724 455.213
725 455.539
726 455.865
727 456.19
728 456.514
729 456.838
730 457.161
731 457.484
732 457.807
733 458.129
734 458.45
735 458.771
736 459.091
737 459.411
738 459.731
739 460.05
740 460.368
741 460.686
742 461.003
743 461.32
744 461.636
745 461.952
746 462.268
747 462.583
748 462.897
749 463.211
750 463.525
751 463.838
752 464.15
753 464.462
754 464.773
755 465.084
756 465.395
757 465.705
758 466.015
759 466.324
760 466.632
761 466.94
762 467.248
763 467.555
764 467.862
765 468.168
766 468.474
767 468.779
768 469.084
769 469.388
770 469.692
771 469.995
772 470.298
773 470.6
774 470.902
775 471.204
776 471.505
777 471.805
778 472.105
779 472.405
780 472.704
781 473.003
782 473.301
783 473.599
784 473.896
785 474.193
786 474.489
787 474.785
788 475.08
789 475.375
790 475.67
791 475.964
792 476.257
793 476.551
794 476.843
795 477.136
796 477.427
797 477.719
798 478.01
799 478.3
800 478.59
801 478.88
802 479.169
803 479.457
804 479.745
805 480.033
806 480.321
807 480.607
808 480.894
809 481.18
810 481.465
811 481.75
812 482.035
813 482.319
814 482.603
815 482.886
816 483.169
817 483.452
818 483.734
819 484.015
820 484.297
821 484.577
822 484.858
823 485.138
824 485.417
825 485.696
826 485.975
827 486.253
828 486.53
829 486.808
830 487.085
831 487.361
832 487.637
833 487.913
834 488.188
835 488.463
836 488.737
837 489.011
838 489.284
839 489.558
840 489.83
841 490.102
842 490.374
843 490.646
844 490.917
845 491.187
846 491.457
847 491.727
848 491.996
849 492.265
850 492.534
851 492.802
852 493.07
853 493.337
854 493.604
855 493.87
856 494.136
857 494.402
858 494.667
859 494.932
860 495.197
861 495.461
862 495.724
863 495.988
864 496.25
865 496.513
866 496.775
867 497.036
868 497.298
869 497.559
870 497.819
871 498.079
872 498.339
873 498.598
874 498.857
875 499.115
876 499.373
877 499.631
878 499.888
879 500.145
880 500.402
881 500.658
882 500.914
883 501.169
884 501.424
885 501.678
886 501.933
887 502.186
888 502.44
889 502.693
890 502.945
891 503.198
892 503.45
893 503.701
894 503.952
895 504.203
896 504.453
897 504.703
898 504.953
899 505.202
900 505.451
901 505.699
902 505.948
903 506.195
904 506.443
905 506.69
906 506.936
907 507.182
908 507.428
909 507.674
910 507.919
911 508.164
912 508.408
913 508.652
914 508.896
915 509.139
916 509.382
917 509.625
918 509.867
919 510.109
920 510.35
921 510.591
922 510.832
923 511.072
924 511.312
925 511.552
926 511.791
927 512.03
928 512.269
929 512.507
930 512.745
931 512.982
932 513.219
933 513.456
934 513.693
935 513.929
936 514.164
937 514.4
938 514.635
939 514.869
940 515.104
941 515.338
942 515.571
943 515.805
944 516.037
945 516.27
946 516.502
947 516.734
948 516.966
949 517.197
950 517.428
951 517.658
952 517.888
953 518.118
954 518.348
955 518.577
956 518.805
957 519.034
958 519.262
959 519.49
960 519.717
961 519.944
962 520.171
963 520.397
964 520.623
965 520.849
966 521.075
967 521.3
968 521.524
969 521.749
970 521.973
971 522.197
972 522.42
973 522.643
974 522.866
975 523.088
976 523.31
977 523.532
978 523.753
979 523.975
980 524.195
981 524.416
982 524.636
983 524.856
984 525.075
985 525.294
986 525.513
987 525.731
988 525.95
989 526.167
990 526.385
991 526.602
992 526.819
993 527.036
994 527.252
995 527.468
996 527.683
997 527.899
998 528.114
999 528.328
