0 -3.21195e-13
1 1.0079
2 2.01404
3 3.01844
4 4.02109
5 5.02199
6 6.02115
7 7.01858
8 8.01427
9 9.00823
10 10.0005
11 10.991
12 11.9798
13 12.9668
14 13.9522
15 14.9358
16 15.9178
17 16.898
18 17.8765
19 18.8534
20 19.8285
21 20.8019
22 21.7737
23 22.7438
24 23.7121
25 24.6788
26 25.6439
27 26.6072
28 27.5689
29 28.5289
30 29.4873
31 30.4439
32 31.399
33 32.3524
34 33.3041
35 34.2541
36 35.2026
37 36.1494
38 37.0945
39 38.038
40 38.9799
41 39.9201
42 40.8587
43 41.7957
44 42.7311
45 43.6649
46 44.597
47 45.5275
48 46.4564
49 47.3837
50 48.3094
51 49.2335
52 50.156
53 51.077
54 51.9963
55 52.914
56 53.8301
57 54.7447
58 55.6577
59 56.5691
60 57.4789
61 58.3872
62 59.2939
63 60.199
64 61.1026
65 62.0046
66 62.905
67 63.8039
68 64.7012
69 65.597
70 66.4913
71 67.384
72 68.2752
73 69.1648
74 70.0529
75 70.9394
76 71.8245
77 72.708
78 73.59
79 74.4705
80 75.3494
81 76.2268
82 77.1028
83 77.9772
84 78.8501
85 79.7215
86 80.5914
87 81.4598
88 82.3268
89 83.1922
90 84.0561
91 84.9186
92 85.7796
93 86.639
94 87.4971
95 88.3536
96 89.2087
97 90.0623
98 90.9144
99 91.765
100 92.6142
101 93.462
102 94.3083
103 95.1531
104 95.9965
105 96.8384
106 97.6789
107 98.518
108 99.3556
109 100.192
110 101.026
111 101.86
112 102.692
113 103.522
114 104.351
115 105.179
116 106.005
117 106.83
118 107.653
119 108.475
120 109.295
121 110.115
122 110.932
123 111.749
124 112.564
125 113.377
126 114.189
127 115
128 115.809
129 116.617
130 117.424
131 118.229
132 119.033
133 119.835
134 120.637
135 121.436
136 122.235
137 123.032
138 123.827
139 124.621
140 125.414
141 126.206
142 126.996
143 127.785
144 128.572
145 129.359
146 130.143
147 130.927
148 131.709
149 132.49
150 133.269
151 134.048
152 134.824
153 135.6
154 136.374
155 137.147
156 137.918
157 138.689
158 139.457
159 140.225
160 140.991
161 141.756
162 142.52
163 143.282
164 144.043
165 144.803
166 145.562
167 146.319
168 147.075
169 147.829
170 148.583
171 149.335
172 150.086
173 150.835
174 151.583
175 152.33
176 153.076
177 153.82
178 154.564
179 155.305
180 156.046
181 156.785
182 157.524
183 158.26
184 158.996
185 159.73
186 160.463
187 161.195
188 161.926
189 162.655
190 163.383
191 164.11
192 164.836
193 165.561
194 166.284
195 167.006
196 167.726
197 168.446
198 169.164
199 169.881
200 170.597
201 171.312
202 172.026
203 172.738
204 173.449
205 174.159
206 174.867
207 175.575
208 176.281
209 176.986
210 177.69
211 178.393
212 179.094
213 179.794
214 180.494
215 181.192
216 181.888
217 182.584
218 183.278
219 183.972
220 184.664
221 185.354
222 186.044
223 186.733
224 187.42
225 188.106
226 188.792
227 189.475
228 190.158
229 190.84
230 191.52
231 192.2
232 192.878
233 193.555
234 194.231
235 194.905
236 195.579
237 196.252
238 196.923
239 197.593
240 198.262
241 198.93
242 199.597
243 200.263
244 200.927
245 201.591
246 202.253
247 202.914
248 203.575
249 204.234
250 204.891
251 205.548
252 206.204
253 206.859
254 207.512
255 208.165
256 208.816
257 209.466
258 210.115
259 210.763
260 211.41
261 212.056
262 212.701
263 213.344
264 213.987
265 214.629
266 215.269
267 215.908
268 216.547
269 217.184
270 217.82
271 218.455
272 219.089
273 219.722
274 220.354
275 220.985
276 221.615
277 222.244
278 222.871
279 223.498
280 224.124
281 224.748
282 225.372
283 225.994
284 226.616
285 227.236
286 227.855
287 228.474
288 229.091
289 229.707
290 230.322
291 230.937
292 231.55
293 232.162
294 232.773
295 233.383
296 233.992
297 234.6
298 235.207
299 235.813
300 236.418
301 237.022
302 237.625
303 238.227
304 238.828
305 239.428
306 240.027
307 240.625
308 241.222
309 241.818
310 242.413
311 243.007
312 243.6
313 244.192
314 244.783
315 245.373
316 245.963
317 246.551
318 247.138
319 247.724
320 248.309
321 248.893
322 249.477
323 250.059
324 250.64
325 251.221
326 251.8
327 252.378
328 252.956
329 253.532
330 254.108
331 254.682
332 255.256
333 255.829
334 256.4
335 256.971
336 257.541
337 258.11
338 258.678
339 259.245
340 259.811
341 260.376
342 260.94
343 261.503
344 262.066
345 262.627
346 263.188
347 263.747
348 264.306
349 264.863
350 265.42
351 265.976
352 266.531
353 267.085
354 267.638
355 268.19
356 268.741
357 269.292
358 269.841
359 270.39
360 270.937
361 271.484
362 272.03
363 272.575
364 273.119
365 273.662
366 274.204
367 274.745
368 275.286
369 275.825
370 276.364
371 276.902
372 277.438
373 277.974
374 278.51
375 279.044
376 279.577
377 280.11
378 280.641
379 281.172
380 281.702
381 282.231
382 282.759
383 283.286
384 283.812
385 284.338
386 284.862
387 285.386
388 285.909
389 286.431
390 286.952
391 287.473
392 287.992
393 288.511
394 289.028
395 289.545
396 290.061
397 290.577
398 291.091
399 291.605
400 292.117
401 292.629
402 293.14
403 293.65
404 294.16
405 294.668
406 295.176
407 295.683
408 296.189
409 296.694
410 297.198
411 297.702
412 298.204
413 298.706
414 299.207
415 299.707
416 300.207
417 300.705
418 301.203
419 301.7
420 302.196
421 302.692
422 303.186
423 303.68
424 304.173
425 304.665
426 305.156
427 305.647
428 306.137
429 306.625
430 307.114
431 307.601
432 308.087
433 308.573
434 309.058
435 309.542
436 310.025
437 310.508
438 310.99
439 311.471
440 311.951
441 312.43
442 312.909
443 313.387
444 313.864
445 314.34
446 314.816
447 315.291
448 315.765
449 316.238
450 316.71
451 317.182
452 317.653
453 318.123
454 318.592
455 319.061
456 319.529
457 319.996
458 320.462
459 320.928
460 321.393
461 321.857
462 322.32
463 322.783
464 323.245
465 323.706
466 324.166
467 324.626
468 325.084
469 325.542
470 326
471 326.456
472 326.912
473 327.367
474 327.822
475 328.275
476 328.728
477 329.181
478 329.632
479 330.083
480 330.533
481 330.982
482 331.431
483 331.878
484 332.325
485 332.772
486 333.217
487 333.662
488 334.107
489 334.55
490 334.993
491 335.435
492 335.876
493 336.317
494 336.757
495 337.196
496 337.635
497 338.072
498 338.509
499 338.946
500 339.382
501 339.817
502 340.251
503 340.684
504 341.117
505 341.55
506 341.981
507 342.412
508 342.842
509 343.271
510 343.7
511 344.128
512 344.555
513 344.982
514 345.408
515 345.833
516 346.258
517 346.682
518 347.105
519 347.528
520 347.95
521 348.371
522 348.791
523 349.211
524 349.63
525 350.049
526 350.467
527 350.884
528 351.301
529 351.716
530 352.132
531 352.546
532 352.96
533 353.373
534 353.786
535 354.197
536 354.609
537 355.019
538 355.429
539 355.838
540 356.247
541 356.655
542 357.062
543 357.469
544 357.875
545 358.28
546 358.685
547 359.089
548 359.492
549 359.895
550 360.297
551 360.698
552 361.099
553 361.499
554 361.899
555 362.298
556 362.696
557 363.094
558 363.491
559 363.887
560 364.283
561 364.678
562 365.072
563 365.466
564 365.86
565 366.252
566 366.644
567 367.035
568 367.426
569 367.816
570 368.206
571 368.595
572 368.983
573 369.371
574 369.758
575 370.144
576 370.53
577 370.915
578 371.299
579 371.683
580 372.067
581 372.449
582 372.832
583 373.213
584 373.594
585 373.974
586 374.354
587 374.733
588 375.112
589 375.49
590 375.867
591 376.244
592 376.62
593 376.995
594 377.37
595 377.745
596 378.118
597 378.492
598 378.864
599 379.236
600 379.607
601 379.978
602 380.348
603 380.718
604 381.087
605 381.456
606 381.824
607 382.191
608 382.558
609 382.924
610 383.289
611 383.654
612 384.019
613 384.383
614 384.746
615 385.109
616 385.471
617 385.832
618 386.193
619 386.554
620 386.914
621 387.273
622 387.632
623 387.99
624 388.347
625 388.704
626 389.061
627 389.417
628 389.772
629 390.127
630 390.481
631 390.835
632 391.188
633 391.541
634 391.893
635 392.244
636 392.595
637 392.945
638 393.295
639 393.644
640 393.993
641 394.341
642 394.689
643 395.036
644 395.383
645 395.729
646 396.074
647 396.419
648 396.763
649 397.107
650 397.451
651 397.793
652 398.136
653 398.477
654 398.818
655 399.159
656 399.499
657 399.839
658 400.178
659 400.516
660 400.854
661 401.192
662 401.529
663 401.865
664 402.201
665 402.536
666 402.871
667 403.205
668 403.539
669 403.873
670 404.205
671 404.538
672 404.869
673 405.2
674 405.531
675 405.861
676 406.191
677 406.52
678 406.849
679 407.177
680 407.505
681 407.832
682 408.158
683 408.484
684 408.81
685 409.135
686 409.46
687 409.784
688 410.107
689 410.43
690 410.753
691 411.075
692 411.397
693 411.718
694 412.038
695 412.358
696 412.678
697 412.997
698 413.316
699 413.634
700 413.951
701 414.268
702 414.585
703 414.901
704 415.217
705 415.532
706 415.847
707 416.161
708 416.475
709 416.788
710 417.101
711 417.413
712 417.725
713 418.036
714 418.347
715 418.657
716 418.967
717 419.276
718 419.585
719 419.894
720 420.202
721 420.509
722 420.816
723 421.123
724 421.429
725 421.734
726 422.039
727 422.344
728 422.648
729 422.952
730 423.255
731 423.558
732 423.86
733 424.162
734 424.464
735 424.765
736 425.065
737 425.365
738 425.665
739 425.964
740 426.262
741 426.56
742 426.858
743 427.155
744 427.452
745 427.749
746 428.045
747 428.34
748 428.635
749 428.93
750 429.224
751 429.517
752 429.81
753 430.103
754 430.396
755 430.687
756 430.979
757 431.27
758 431.56
759 431.85
760 432.14
761 432.429
762 432.718
763 433.006
764 433.294
765 433.582
766 433.869
767 434.155
768 434.441
769 434.727
770 435.012
771 435.297
772 435.581
773 435.865
774 436.149
775 436.432
776 436.715
777 436.997
778 437.279
779 437.56
780 437.841
781 438.122
782 438.402
783 438.681
784 438.961
785 439.239
786 439.518
787 439.796
788 440.073
789 440.35
790 440.627
791 440.903
792 441.179
793 441.455
794 441.73
795 442.004
796 442.279
797 442.552
798 442.826
799 443.099
800 443.371
801 443.644
802 443.915
803 444.187
804 444.458
805 444.728
806 444.998
807 445.268
808 445.537
809 445.806
810 446.074
811 446.343
812 446.61
813 446.877
814 447.144
815 447.411
816 447.677
817 447.942
818 448.208
819 448.473
820 448.737
821 449.001
822 449.265
823 449.528
824 449.791
825 450.053
826 450.315
827 450.577
828 450.838
829 451.099
830 451.36
831 451.62
832 451.88
833 452.139
834 452.398
835 452.657
836 452.915
837 453.173
838 453.43
839 453.687
840 453.944
841 454.2
842 454.456
843 454.711
844 454.966
845 455.221
846 455.475
847 455.729
848 455.983
849 456.236
850 456.489
851 456.742
852 456.994
853 457.245
854 457.497
855 457.748
856 457.998
857 458.248
858 458.498
859 458.748
860 458.997
861 459.245
862 459.494
863 459.742
864 459.989
865 460.237
866 460.483
867 460.73
868 460.976
869 461.222
870 461.467
871 461.712
872 461.957
873 462.201
874 462.445
875 462.689
876 462.932
877 463.175
878 463.417
879 463.66
880 463.901
881 464.143
882 464.384
883 464.625
884 464.865
885 465.105
886 465.345
887 465.584
888 465.823
889 466.061
890 466.3
891 466.538
892 466.775
893 467.012
894 467.249
895 467.486
896 467.722
897 467.958
898 468.193
899 468.428
900 468.663
901 468.897
902 469.131
903 469.365
904 469.598
905 469.831
906 470.064
907 470.296
908 470.528
909 470.76
910 470.991
911 471.222
912 471.453
913 471.683
914 471.913
915 472.143
916 472.372
917 472.601
918 472.83
919 473.058
920 473.286
921 473.513
922 473.741
923 473.968
924 474.194
925 474.421
926 474.647
927 474.872
928 475.097
929 475.322
930 475.547
931 475.771
932 475.995
933 476.219
934 476.442
935 476.665
936 476.888
937 477.11
938 477.332
939 477.554
940 477.775
941 477.996
942 478.217
943 478.437
944 478.657
945 478.877
946 479.097
947 479.316
948 479.535
949 479.753
950 479.971
951 480.189
952 480.407
953 480.624
954 480.841
955 481.057
956 481.274
957 481.489
958 481.705
959 481.92
960 482.135
961 482.35
962 482.565
963 482.779
964 482.992
965 483.206
966 483.419
967 483.632
968 483.844
969 484.057
970 484.268
971 484.48
972 484.691
973 484.902
974 485.113
975 485.323
976 485.534
977 485.743
978 485.953
979 486.162
980 486.371
981 486.579
982 486.788
983 486.996
984 487.203
985 487.411
986 487.618
987 487.825
988 488.031
989 488.237
990 488.443
991 488.649
992 488.854
993 489.059
994 489.264
995 489.468
996 489.672
997 489.876
998 490.08
999 490.283
