0 4.74607
1 5.79243
2 6.83695
3 7.87963
4 8.92047
5 9.95949
6 10.9967
7 12.032
8 13.0656
9 14.0973
10 15.1272
11 16.1553
12 17.1816
13 18.2061
14 19.2287
15 20.2496
16 21.2687
17 22.286
18 23.3015
19 24.3153
20 25.3272
21 26.3374
22 27.3458
23 28.3524
24 29.3573
25 30.3603
26 31.3617
27 32.3613
28 33.3591
29 34.3551
30 35.3495
31 36.342
32 37.3329
33 38.322
34 39.3093
35 40.295
36 41.2789
37 42.2611
38 43.2415
39 44.2202
40 45.1973
41 46.1726
42 47.1462
43 48.1181
44 49.0883
45 50.0568
46 51.0236
47 51.9887
48 52.9521
49 53.9138
50 54.8738
51 55.8322
52 56.7889
53 57.7439
54 58.6972
55 59.6489
56 60.5989
57 61.5473
58 62.494
59 63.439
60 64.3824
61 65.3241
62 66.2642
63 67.2026
64 68.1394
65 69.0746
66 70.0081
67 70.94
68 71.8703
69 72.7989
70 73.7259
71 74.6514
72 75.5751
73 76.4973
74 77.4179
75 78.3368
76 79.2542
77 80.17
78 81.0841
79 81.9967
80 82.9076
81 83.817
82 84.7248
83 85.631
84 86.5357
85 87.4387
86 88.3402
87 89.2401
88 90.1384
89 91.0352
90 91.9304
91 92.8241
92 93.7162
93 94.6067
94 95.4957
95 96.3832
96 97.2691
97 98.1534
98 99.0362
99 99.9175
100 100.797
101 101.675
102 102.552
103 103.427
104 104.301
105 105.173
106 106.044
107 106.913
108 107.78
109 108.646
110 109.511
111 110.374
112 111.236
113 112.096
114 112.954
115 113.811
116 114.667
117 115.521
118 116.374
119 117.225
120 118.075
121 118.923
122 119.769
123 120.615
124 121.458
125 122.301
126 123.142
127 123.981
128 124.819
129 125.655
130 126.491
131 127.324
132 128.156
133 128.987
134 129.816
135 130.644
136 131.47
137 132.295
138 133.119
139 133.941
140 134.762
141 135.581
142 136.399
143 137.215
144 138.03
145 138.844
146 139.656
147 140.467
148 141.276
149 142.084
150 142.891
151 143.696
152 144.5
153 145.302
154 146.103
155 146.903
156 147.701
157 148.498
158 149.294
159 150.088
160 150.881
161 151.672
162 152.462
163 153.251
164 154.038
165 154.824
166 155.609
167 156.392
168 157.174
169 157.954
170 158.733
171 159.511
172 160.288
173 161.063
174 161.837
175 162.609
176 163.38
177 164.15
178 164.919
179 165.686
180 166.452
181 167.216
182 167.98
183 168.741
184 169.502
185 170.261
186 171.019
187 171.776
188 172.531
189 173.285
190 174.038
191 174.79
192 175.54
193 176.289
194 177.036
195 177.783
196 178.528
197 179.272
198 180.014
199 180.755
200 181.495
201 182.234
202 182.971
203 183.707
204 184.442
205 185.176
206 185.908
207 186.639
208 187.369
209 188.098
210 188.825
211 189.551
212 190.276
213 191
214 191.722
215 192.443
216 193.163
217 193.882
218 194.599
219 195.315
220 196.03
221 196.744
222 197.456
223 198.168
224 198.878
225 199.587
226 200.294
227 201.001
228 201.706
229 202.41
230 203.113
231 203.814
232 204.515
233 205.214
234 205.912
235 206.609
236 207.304
237 207.999
238 208.692
239 209.384
240 210.075
241 210.765
242 211.453
243 212.141
244 212.827
245 213.512
246 214.196
247 214.878
248 215.56
249 216.24
250 216.919
251 217.597
252 218.274
253 218.95
254 219.625
255 220.298
256 220.97
257 221.641
258 222.311
259 222.98
260 223.648
261 224.314
262 224.98
263 225.644
264 226.307
265 226.969
266 227.63
267 228.29
268 228.949
269 229.606
270 230.263
271 230.918
272 231.572
273 232.225
274 232.877
275 233.528
276 234.178
277 234.826
278 235.474
279 236.12
280 236.766
281 237.41
282 238.053
283 238.695
284 239.336
285 239.976
286 240.615
287 241.252
288 241.889
289 242.524
290 243.159
291 243.792
292 244.425
293 245.056
294 245.686
295 246.315
296 246.943
297 247.57
298 248.196
299 248.821
300 249.445
301 250.067
302 250.689
303 251.31
304 251.929
305 252.548
306 253.165
307 253.782
308 254.397
309 255.011
310 255.625
311 256.237
312 256.848
313 257.458
314 258.068
315 258.676
316 259.283
317 259.889
318 260.494
319 261.098
320 261.701
321 262.303
322 262.904
323 263.504
324 264.103
325 264.701
326 265.298
327 265.894
328 266.489
329 267.083
330 267.675
331 268.267
332 268.858
333 269.448
334 270.037
335 270.625
336 271.212
337 271.798
338 272.383
339 272.967
340 273.55
341 274.132
342 274.713
343 275.293
344 275.872
345 276.45
346 277.027
347 277.604
348 278.179
349 278.753
350 279.326
351 279.899
352 280.47
353 281.04
354 281.61
355 282.178
356 282.746
357 283.312
358 283.878
359 284.443
360 285.006
361 285.569
362 286.131
363 286.692
364 287.252
365 287.811
366 288.369
367 288.926
368 289.482
369 290.037
370 290.592
371 291.145
372 291.697
373 292.249
374 292.8
375 293.349
376 293.898
377 294.446
378 294.993
379 295.539
380 296.084
381 296.628
382 297.171
383 297.714
384 298.255
385 298.796
386 299.335
387 299.874
388 300.412
389 300.949
390 301.485
391 302.02
392 302.554
393 303.088
394 303.62
395 304.152
396 304.683
397 305.212
398 305.741
399 306.269
400 306.797
401 307.323
402 307.848
403 308.373
404 308.897
405 309.419
406 309.941
407 310.462
408 310.983
409 311.502
410 312.02
411 312.538
412 313.055
413 313.57
414 314.086
415 314.6
416 315.113
417 315.625
418 316.137
419 316.648
420 317.158
421 317.667
422 318.175
423 318.682
424 319.189
425 319.694
426 320.199
427 320.703
428 321.206
429 321.709
430 322.21
431 322.711
432 323.211
433 323.71
434 324.208
435 324.705
436 325.202
437 325.697
438 326.192
439 326.686
440 327.179
441 327.672
442 328.163
443 328.654
444 329.144
445 329.633
446 330.122
447 330.609
448 331.096
449 331.582
450 332.067
451 332.551
452 333.035
453 333.517
454 333.999
455 334.48
456 334.961
457 335.44
458 335.919
459 336.397
460 336.874
461 337.351
462 337.826
463 338.301
464 338.775
465 339.248
466 339.721
467 340.192
468 340.663
469 341.133
470 341.603
471 342.071
472 342.539
473 343.006
474 343.472
475 343.938
476 344.402
477 344.866
478 345.33
479 345.792
480 346.254
481 346.715
482 347.175
483 347.634
484 348.093
485 348.551
486 349.008
487 349.464
488 349.92
489 350.375
490 350.829
491 351.282
492 351.735
493 352.187
494 352.638
495 353.088
496 353.538
497 353.987
498 354.435
499 354.882
500 355.329
501 355.775
502 356.22
503 356.665
504 357.109
505 357.552
506 357.994
507 358.436
508 358.877
509 359.317
510 359.756
511 360.195
512 360.633
513 361.07
514 361.507
515 361.943
516 362.378
517 362.812
518 363.246
519 363.679
520 364.111
521 364.543
522 364.974
523 365.404
524 365.834
525 366.262
526 366.69
527 367.118
528 367.545
529 367.971
530 368.396
531 368.82
532 369.244
533 369.668
534 370.09
535 370.512
536 370.933
537 371.354
538 371.773
539 372.193
540 372.611
541 373.029
542 373.446
543 373.862
544 374.278
545 374.693
546 375.107
547 375.521
548 375.934
549 376.346
550 376.758
551 377.169
552 377.579
553 377.989
554 378.398
555 378.806
556 379.214
557 379.621
558 380.027
559 380.433
560 380.838
561 381.242
562 381.646
563 382.049
564 382.451
565 382.853
566 383.254
567 383.655
568 384.054
569 384.454
570 384.852
571 385.25
572 385.647
573 386.044
574 386.44
575 386.835
576 387.23
577 387.624
578 388.017
579 388.41
580 388.802
581 389.193
582 389.584
583 389.974
584 390.364
585 390.753
586 391.141
587 391.529
588 391.916
589 392.302
590 392.688
591 393.073
592 393.458
593 393.842
594 394.225
595 394.608
596 394.99
597 395.371
598 395.752
599 396.132
600 396.512
601 396.891
602 397.27
603 397.647
604 398.025
605 398.401
606 398.777
607 399.152
608 399.527
609 399.901
610 400.275
611 400.648
612 401.02
613 401.392
614 401.763
615 402.134
616 402.504
617 402.873
618 403.242
619 403.61
620 403.978
621 404.345
622 404.711
623 405.077
624 405.442
625 405.807
626 406.171
627 406.535
628 406.898
629 407.26
630 407.622
631 407.983
632 408.343
633 408.703
634 409.063
635 409.422
636 409.78
637 410.138
638 410.495
639 410.851
640 411.207
641 411.563
642 411.918
643 412.272
644 412.626
645 412.979
646 413.332
647 413.684
648 414.035
649 414.386
650 414.736
651 415.086
652 415.435
653 415.784
654 416.132
655 416.48
656 416.827
657 417.173
658 417.519
659 417.865
660 418.209
661 418.554
662 418.897
663 419.241
664 419.583
665 419.925
666 420.267
667 420.608
668 420.948
669 421.288
670 421.628
671 421.966
672 422.305
673 422.643
674 422.98
675 423.316
676 423.653
677 423.988
678 424.323
679 424.658
680 424.992
681 425.325
682 425.658
683 425.991
684 426.323
685 426.654
686 426.985
687 427.315
688 427.645
689 427.974
690 428.303
691 428.631
692 428.959
693 429.286
694 429.613
695 429.939
696 430.265
697 430.59
698 430.915
699 431.239
700 431.562
701 431.885
702 432.208
703 432.53
704 432.852
705 433.173
706 433.493
707 433.813
708 434.133
709 434.452
710 434.77
711 435.088
712 435.406
713 435.723
714 436.04
715 436.356
716 436.671
717 436.986
718 437.301
719 437.615
720 437.928
721 438.241
722 438.554
723 438.866
724 439.178
725 439.489
726 439.799
727 440.109
728 440.419
729 440.728
730 441.037
731 441.345
732 441.653
733 441.96
734 442.267
735 442.573
736 442.879
737 443.184
738 443.489
739 443.793
740 444.097
741 444.4
742 444.703
743 445.006
744 445.308
745 445.609
746 445.91
747 446.211
748 446.511
749 446.81
750 447.11
751 447.408
752 447.706
753 448.004
754 448.301
755 448.598
756 448.895
757 449.191
758 449.486
759 449.781
760 450.075
761 450.369
762 450.663
763 450.956
764 451.249
765 451.541
766 451.833
767 452.124
768 452.415
769 452.705
770 452.995
771 453.285
772 453.574
773 453.862
774 454.151
775 454.438
776 454.725
777 455.012
778 455.299
779 455.585
780 455.87
781 456.155
782 456.44
783 456.724
784 457.007
785 457.291
786 457.574
787 457.856
788 458.138
789 458.419
790 458.7
791 458.981
792 459.261
793 459.541
794 459.82
795 460.099
796 460.378
797 460.656
798 460.933
799 461.211
800 461.487
801 461.764
802 462.039
803 462.315
804 462.59
805 462.865
806 463.139
807 463.413
808 463.686
809 463.959
810 464.231
811 464.503
812 464.775
813 465.046
814 465.317
815 465.588
816 465.858
817 466.127
818 466.396
819 466.665
820 466.933
821 467.201
822 467.469
823 467.736
824 468.003
825 468.269
826 468.535
827 468.8
828 469.065
829 469.33
830 469.594
831 469.858
832 470.121
833 470.384
834 470.647
835 470.909
836 471.171
837 471.432
838 471.693
839 471.954
840 472.214
841 472.474
842 472.734
843 472.993
844 473.251
845 473.509
846 473.767
847 474.025
848 474.282
849 474.538
850 474.795
851 475.05
852 475.306
853 475.561
854 475.816
855 476.07
856 476.324
857 476.577
858 476.831
859 477.083
860 477.336
861 477.588
862 477.839
863 478.091
864 478.341
865 478.592
866 478.842
867 479.092
868 479.341
869 479.59
870 479.838
871 480.087
872 480.334
873 480.582
874 480.829
875 481.075
876 481.322
877 481.568
878 481.813
879 482.058
880 482.303
881 482.548
882 482.792
883 483.035
884 483.279
885 483.522
886 483.764
887 484.006
888 484.248
889 484.49
890 484.731
891 484.972
892 485.212
893 485.452
894 485.692
895 485.931
896 486.17
897 486.408
898 486.647
899 486.885
900 487.122
901 487.359
902 487.596
903 487.832
904 488.068
905 488.304
906 488.539
907 488.774
908 489.009
909 489.243
910 489.477
911 489.711
912 489.944
913 490.177
914 490.41
915 490.642
916 490.874
917 491.105
918 491.336
919 491.567
920 491.797
921 492.027
922 492.257
923 492.487
924 492.716
925 492.944
926 493.173
927 493.401
928 493.628
929 493.856
930 494.083
931 494.309
932 494.536
933 494.762
934 494.987
935 495.213
936 495.438
937 495.662
938 495.886
939 496.11
940 496.334
941 496.557
942 496.78
943 497.003
944 497.225
945 497.447
946 497.669
947 497.89
948 498.111
949 498.332
950 498.552
951 498.772
952 498.992
953 499.211
954 499.43
955 499.649
956 499.867
957 500.085
958 500.303
959 500.52
960 500.737
961 500.954
962 501.17
963 501.386
964 501.602
965 501.817
966 502.032
967 502.247
968 502.462
969 502.676
970 502.89
971 503.103
972 503.316
973 503.529
974 503.742
975 503.954
976 504.166
977 504.378
978 504.589
979 504.8
980 505.011
981 505.221
982 505.431
983 505.641
984 505.85
985 506.059
986 506.268
987 506.477
988 506.685
989 506.893
990 507.1
991 507.308
992 507.515
993 507.721
994 507.928
995 508.134
996 508.339
997 508.545
998 508.75
999 508.955
